0.0000100000000000 1.0000000000165000 0.9999999999833330
0.3333433333333330 0.9815831903705950 0.9815829915580200
0.6666766666666670 0.9275579056397520 0.9275525795784460
1.0000100000000000 0.8414957727937340 0.8414679731091500
1.3333433333333300 0.7290177286077640 0.7289497231449130
1.6666766666666700 0.5973237170194020 0.5972406168362080
2.0000100000000000 0.4547449955963310 0.4546443594341290
2.3333433333333300 0.3100000305222400 0.3098896608103560
2.6666766666666700 0.1715956137176730 0.1714732569805110
3.0000100000000000 0.0471675256685307 0.0470365459207954
3.3333433333333300 -0.0570393786610398 -0.0571731623623141
3.6666766666666700 -0.1365866436922150 -0.1367139093525320
4.0000100000000000 -0.1890849807780030 -0.1892017849221120
4.3333433333333300 -0.2142901288689880 -0.2143883210248320
4.6666766666666700 -0.2139959424913320 -0.2140614071780910
5.0000100000000000 -0.1917520437094840 -0.1917839040308590
5.3333433333333300 -0.1525007182312520 -0.1524978840962200
5.6666766666666700 -0.1020854248960400 -0.1020333639562290
6.0000100000000000 -0.0466731934960417 -0.0465675718010620
6.3333433333333300 0.0077638689504522 0.0079163554965193
6.6666766666666600 0.0559348602344811 0.0561239914484440
7.0000100000000000 0.0936390036483047 0.0938561713066812
7.3333433333333300 0.1180612810704420 0.1182955446881450
7.6666766666666600 0.1279315914082990 0.1281532653416910
8.0000100000000000 0.1234837480527470 0.1236694443598920
8.3333433333333300 0.1063392714638680 0.1064746117516590
8.6666766666666700 0.0792642377914597 0.0793319031231672
9.0000100000000000 0.0458032825834289 0.0457898795577485
9.3333433333333300 0.0098802175813244 0.0097829120895573
9.6666766666666700 -0.0246062255614016 -0.0247806449156704
