0.0000000000000000 1.0000000000000000
0.0000001000000000 NaN
0.0000002000000000 NaN
0.0000003000000000 NaN
0.0000004000000000 NaN
0.0000005000000000 NaN
0.0000006000000000 NaN
0.0000007000000000 NaN
0.0000008000000000 NaN
0.0000009000000000 NaN
0.0000010000000000 NaN
0.0000011000000000 NaN
0.0000012000000000 NaN
0.0000013000000000 NaN
0.0000014000000000 NaN
0.0000015000000000 NaN
0.0000016000000000 NaN
0.0000017000000000 NaN
0.0000018000000000 NaN
0.0000019000000000 NaN
0.0000020000000000 NaN
0.0000021000000000 NaN
0.0000022000000000 NaN
0.0000023000000000 NaN
0.0000024000000000 NaN
0.0000025000000000 NaN
0.0000026000000000 NaN
0.0000027000000000 NaN
0.0000028000000000 NaN
0.0000029000000000 NaN
0.0000030000000000 NaN
0.0000031000000000 NaN
0.0000032000000000 NaN
0.0000033000000000 NaN
0.0000034000000000 NaN
0.0000035000000000 NaN
0.0000036000000000 NaN
0.0000037000000000 NaN
0.0000038000000000 NaN
0.0000039000000000 NaN
0.0000040000000000 NaN
0.0000041000000000 NaN
0.0000042000000000 NaN
0.0000043000000000 NaN
0.0000044000000000 NaN
0.0000045000000000 NaN
0.0000046000000000 NaN
0.0000047000000000 NaN
0.0000048000000000 NaN
0.0000049000000000 NaN
0.0000050000000000 NaN
0.0000051000000000 NaN
0.0000052000000000 NaN
0.0000053000000000 NaN
0.0000054000000000 NaN
0.0000055000000000 NaN
0.0000056000000000 NaN
0.0000057000000000 NaN
0.0000058000000000 NaN
0.0000059000000000 NaN
0.0000060000000000 NaN
0.0000061000000000 NaN
0.0000062000000000 NaN
0.0000063000000000 NaN
0.0000064000000000 NaN
0.0000065000000000 NaN
0.0000066000000000 NaN
0.0000067000000000 NaN
0.0000068000000000 NaN
0.0000069000000000 NaN
0.0000070000000000 NaN
0.0000071000000000 NaN
0.0000072000000000 NaN
0.0000073000000000 NaN
0.0000074000000000 NaN
0.0000075000000000 NaN
0.0000076000000000 NaN
0.0000077000000000 NaN
0.0000078000000000 NaN
0.0000079000000000 NaN
0.0000080000000000 NaN
0.0000081000000000 NaN
0.0000082000000000 NaN
0.0000083000000000 NaN
0.0000084000000000 NaN
0.0000085000000000 NaN
0.0000086000000000 NaN
0.0000087000000000 NaN
0.0000088000000000 NaN
0.0000089000000000 NaN
0.0000090000000000 NaN
0.0000091000000000 NaN
0.0000092000000000 NaN
0.0000093000000000 NaN
0.0000094000000000 NaN
0.0000095000000000 NaN
0.0000096000000000 NaN
0.0000097000000000 NaN
0.0000098000000000 NaN
0.0000099000000000 NaN
