0.0000000000000000 0.0084747261255454 -0.0169296633103812 -0.0253450555606332 0.0337012539022529 0.0419787450237872
0.0156250000000000 0.0169296598625546 -0.0337012576762710 -0.0501581902065507 0.0661468100133724 0.0815178386184429
0.0312500000000000 0.0253450534248120 -0.0501581931827687 -0.0739186439735441 0.0961277509926052 0.1163194106417360
0.0468750000000000 0.0337012531529118 -0.0661468138196269 -0.0961277523581178 0.1225269968834720 0.1443609212938870
0.0625000000000000 0.0419787418586145 -0.0815178397247716 -0.1163194089984960 0.1443609194545240 0.1640127006769150
0.0781250000000000 0.0501581873100098 -0.0961277558714889 -0.1340698461349990 0.1608159890228690 0.1741326571064230
0.0937500000000000 0.0582204863268702 -0.1098401524553780 -0.1490065323923470 0.1712790953765600 0.1741326562429980
0.1093750000000000 0.0661468085089479 -0.1225270017942730 -0.1608159892896010 0.1753603868604490 0.1640126988087890
0.1250000000000000 0.0739186419757809 -0.1340698492441290 -0.1692503680466860 0.1729077933388470 0.1443609189882980
0.1406250000000000 0.0815178350275109 -0.1443609222571870 -0.1741326551106260 0.1640126987631780 0.1163194069331250
0.1562500000000000 0.0889266392279763 -0.1533041365632120 -0.1753603858076100 0.1490065334301410 0.0815178346232219
0.1718750000000000 0.0961277512610101 -0.1608159910472270 -0.1729077922961690 0.1284484217238580 0.0419787418766244
0.1875000000000000 0.1031043524174480 -0.1668263501005350 -0.1668263480066370 0.1031043539582800 -0.0000000029583398
0.2031250000000000 0.1098401485931340 -0.1712790967967550 -0.1572436862533030 0.0739186448626667 -0.0419787472448604
0.2187500000000000 0.1163194080994870 -0.1741326565578570 -0.1443609192172590 0.0419787455317344 -0.0815178391526235
0.2343750000000000 0.1225269981663440 -0.1753603868206540 -0.1284484202800090 0.0084747281353914 -0.1163194113348690
0.2500000000000000 0.1284484206535560 -0.1749508243887740 -0.1098401490654070 -0.0253450550667287 -0.1443609219398230
0.2656250000000000 0.1340698459260890 -0.1729077930401600 -0.0889266402563248 -0.0582204879405049 -0.1640127005373340
0.2812500000000000 0.1393781448408000 -0.1692503683096820 -0.0661468099120337 -0.0889266408000200 -0.1741326573625920
0.2968750000000000 0.1443609196582060 -0.1640126984967630 -0.0419787436749287 -0.1163194092381180 -0.1741326572411240
0.3125000000000000 0.1490065329146390 -0.1572436863605310 -0.0169296610084000 -0.1393781453343600 -0.1640126993817760
0.3281250000000000 0.1533041344184240 -0.1490065324019730 0.0084747282199766 -0.1572436873104420 -0.1443609199664560
0.3437500000000000 0.1572436869305810 -0.1393781447588140 0.0337012561746324 -0.1692503690032380 -0.1163194086742880
0.3593750000000000 0.1608159896431000 -0.1284484208030960 0.0582204891494750 -0.1749508238567770 -0.0815178361029067
0.3750000000000000 0.1640126990066690 -0.1163194086817300 0.0815178373885235 -0.1741326555764290 -0.0419787431158112
0.3906250000000000 0.1668263492656660 -0.1031043535776590 0.1031043539715490 -0.1668263487782450 0.0000000010923836
0.4062500000000000 0.1692503688430910 -0.0889266407725616 0.1225269986588360 -0.1533041336605680 0.0419787455290218
0.4218750000000000 0.1712790961938870 -0.0739186440675424 0.1393781449456270 -0.1340698457068890 0.0815178378259443
0.4375000000000000 0.1729077934528030 -0.0582204888377258 0.1533041337552110 -0.1098401496474970 0.1163194097168410
0.4531250000000000 0.1741326563770270 -0.0419787444977157 0.1640126977816990 -0.0815178365536447 0.1443609201965300
0.4687500000000000 0.1749508244356030 -0.0253450561532389 0.1712790947309110 -0.0501581894914467 0.1640126994249380
0.4843750000000000 0.1753603869027100 -0.0084747276848380 0.1749508226737940 -0.0169296614066787 0.1741326564202560
0.5000000000000000 0.1753603868492160 0.0084747270158035 0.1749508223115120 0.0169296624939507 0.1741326563428820
0.5156250000000000 0.1749508246448470 0.0253450552924004 0.1712790941981940 0.0501581915272244 0.1640126991892120
0.5312500000000000 0.1741326566021740 0.0419787439116529 0.1640126971333490 0.0815178382765672 0.1443609204538390
0.5468750000000000 0.1729077934966800 0.0582204882545370 0.1533041323857950 0.1098401514427170 0.1163194091899190
0.5625000000000000 0.1712790964539660 0.0739186435652085 0.1393781433157430 0.1340698483477240 0.0815178369733049
0.5781250000000000 0.1692503689941660 0.0889266407530216 0.1225269971209930 0.1533041356247660 0.0419787445451056
0.5937500000000000 0.1668263494651710 0.1031043535891690 0.1031043519421130 0.1668263499306470 0.0000000002850500
0.6093750000000000 0.1640126993638340 0.1163194088785270 0.0815178352720963 0.1741326568945300 -0.0419787442664303
0.6250000000000000 0.1608159897322410 0.1284484213404540 0.0582204874345417 0.1749508243195120 -0.0815178362478326
0.6406250000000000 0.1572436870308450 0.1393781451406150 0.0337012542102072 0.1692503685491980 -0.1163194081744440
0.6562500000000000 0.1533041344047350 0.1490065330434100 0.0084747262061062 0.1572436872587500 -0.1443609190978190
0.6718750000000000 0.1490065327592570 0.1572436871959040 -0.0169296624375269 0.1393781450981950 -0.1640126983106960
0.6875000000000000 0.1443609198820620 0.1640126987734520 -0.0419787457299771 0.1163194092472320 -0.1741326544895040
0.7031250000000000 0.1393781452000720 0.1692503683440820 -0.0661468124547079 0.0889266419574830 -0.1741326542045330
0.7187500000000000 0.1340698463840500 0.1729077926112710 -0.0889266425427783 0.0582204897353336 -0.1640126968138900
0.7343750000000000 0.1284484213232720 0.1749508231527650 -0.1098401515922360 0.0253450566841035 -0.1443609175562780
0.7500000000000000 0.1225269988950290 0.1753603852937430 -0.1284484232305710 -0.0084747262282215 -0.1163194064150210
0.7656250000000000 0.1163194091480810 0.1741326543747880 -0.1443609217619850 -0.0419787434820706 -0.0815178344956198
0.7812500000000000 0.1098401500391460 0.1712790939570920 -0.1572436888654690 -0.0739186433956258 -0.0419787420287698
0.7968750000000000 0.1031043540179350 0.1668263471459330 -0.1668263510263890 -0.1031043527442340 0.0000000021001263
0.8125000000000000 0.0961277531185243 0.1608159873897360 -0.1729077947445920 -0.1284484202678360 0.0419787459783494
0.8281250000000000 0.0889266413040258 0.1533041324517670 -0.1753603880257640 -0.1490065322010850 0.0815178377419630
0.8437500000000000 0.0815178372136406 0.1443609181059830 -0.1741326576692880 -0.1640126978177980 0.1163194094454930
0.8593750000000000 0.0739186445647017 0.1340698443717180 -0.1692503699588970 -0.1729077919727830 0.1443609196875140
0.8750000000000000 0.0661468113507694 0.1225269969860590 -0.1608159908990090 -0.1753603855919780 0.1640126981701970
0.8906250000000000 0.0582204892210293 0.1098401478421190 -0.1490065344554410 -0.1712790950599220 0.1741326549715680
0.9062500000000000 0.0501581904329510 0.0961277508210986 -0.1340698476261980 -0.1608159888883310 0.1741326548703230
0.9218750000000000 0.0419787447581924 0.0815178354319938 -0.1163194100407690 -0.1443609197029930 0.1640126976566660
0.9375000000000000 0.0337012558837757 0.0661468096947384 -0.0961277538165475 -0.1225269986819230 0.1443609188348040
0.9531250000000000 0.0253450561564923 0.0501581891807769 -0.0739186448063701 -0.0961277527789673 0.1163194081588920
0.9687500000000000 0.0169296618067169 0.0337012553108399 -0.0501581903810817 -0.0661468111116942 0.0815178362407760
0.9843750000000000 0.0084747275141777 0.0169296613840624 -0.0253450562336841 -0.0337012555810126 0.0419787440536048
