0.0000000000000000 142.4040806082490000 146.7170904244170000 138.2178593865150000
0.1000000000000000 139.9843613129630000 144.2750847239720000 135.8212434925170000
0.2000000000000000 137.6057577037090000 141.8737245394910000 133.4661834999690000
0.3000000000000000 135.2675711458800000 139.5123333541380000 131.1519588541310000
0.4000000000000000 132.9691148760170000 137.1902459112390000 128.8778614942540000
0.5000000000000000 130.7097138000900000 134.9068080268620000 126.6431956369430000
0.6000000000000000 128.4887042952180000 132.6613764055190000 124.4472775632780000
0.7000000000000000 126.3054340147500000 130.4533184589360000 122.2894354096170000
0.8000000000000000 124.1592616966560000 128.2820121278390000 120.1690089620390000
0.9000000000000000 122.0495569751860000 126.1468457067040000 118.0853494543410000
1.0000000000000000 119.9757001957130000 124.0472176714310000 116.0378193695410000
1.1000000000000000 117.9370822327370000 121.9825365098720000 114.0257922448250000
1.2000000000000000 115.9331043109710000 119.9522205551990000 112.0486524798720000
1.3000000000000000 113.9631778294720000 117.9556978220290000 110.1057951485100000
1.4000000000000000 112.0267241887600000 115.9924058452860000 108.1966258136250000
1.5000000000000000 110.1231746208730000 114.0617915217390000 106.3205603452920000
1.6000000000000000 108.2519700223090000 112.1633109541840000 104.4770247420550000
1.7000000000000000 106.4125607898150000 110.2964292982120000 102.6654549553000000
1.8000000000000000 104.6044066589490000 108.4606206115360000 100.8852967166870000
1.9000000000000000 102.8269765454050000 106.6553677058180000 99.1360053685568000
2.0000000000000000 101.0797483890200000 104.8801620009660000 97.4170456972936000
2.1000000000000000 99.3622090004374000 103.1345033818570000 95.7278917695686000
2.2000000000000000 97.6738539103748000 101.4179000574420000 94.0680267714260000
2.3000000000000000 96.0141872214540000 99.7298684221973000 92.4369428501579000
2.4000000000000000 94.3827214625471000 98.0699329198837000 90.8341409589221000
2.5000000000000000 92.7789774455985000 96.4376259095698000 89.2591307040530000
2.6000000000000000 91.2024841248794000 94.8324875338883000 87.7114301950214000
2.7000000000000000 89.6527784586345000 93.2540655894835000 86.1905658969942000
2.8000000000000000 88.1294052730784000 91.7019153996150000 84.6960724859527000
2.9000000000000000 86.6319171287041000 90.1755996888836000 83.2274927063207000
3.0000000000000000 85.1598741888628000 88.6746884600397000 81.7843772310638000
3.1000000000000000 83.7128440905764000 87.1987588728444000 80.3662845242118000
3.2000000000000000 82.2904018175456000 85.7473951249454000 78.9727807057676000
3.3000000000000000 80.8921295753158000 84.3201883347364000 77.6034394189562000
3.4000000000000000 79.5176166685638000 82.9167364261660000 76.2578416997765000
3.5000000000000000 78.1664593804703000 81.5366440154641000 74.9355758488159000
3.6000000000000000 76.8382608541412000 80.1795222997531000 73.6362373052855000
3.7000000000000000 75.5326309760446000 78.8449889475133000 72.3594285232412000
3.8000000000000000 74.2491862614282000 77.5326679908723000 71.1047588499506000
3.9000000000000000 72.9875497416832000 76.2421897196857000 69.8718444063681000
4.0000000000000000 71.7473508536228000 74.9731905773820000 68.6603079696838000
4.1000000000000000 70.5282253306416000 73.7253130585401000 67.4697788579083000
4.2000000000000000 69.3298150957248000 72.4982056081725000 66.2998928164582000
4.3000000000000000 68.1517681562747000 71.2915225226842000 65.1502919067093000
4.4000000000000000 66.9937385007252000 70.1049238524803000 64.0206243964812000
4.5000000000000000 65.8553859969124000 68.9380753061944000 62.9105446524213000
4.6000000000000000 64.7363762921721000 67.7906481565117000 61.8197130342551000
4.7000000000000000 63.6363807151352000 66.6623191475585000 60.7477957908692000
4.8000000000000000 62.5550761791915000 65.5527704038347000 59.6944649581972000
4.9000000000000000 61.4921450875939000 64.4616893406603000 58.6593982588754000
5.0000000000000000 60.4472752401748000 63.3887685761137000 57.6422790036390000
5.1000000000000000 59.4201597416485000 62.3337058444355000 56.6427959944276000
5.2000000000000000 58.4104969114702000 61.2962039108731000 55.6606434291711000
5.3000000000000000 57.4179901952283000 60.2759704879434000 54.6955208082262000
5.4000000000000000 56.4423480775410000 59.2727181530884000 53.7471328424357000
5.5000000000000000 55.4832839964336000 58.2861642677026000 52.8151893627816000
5.6000000000000000 54.5405162591709000 57.3160308975065000 51.8994052316051000
5.7000000000000000 53.6137679595190000 56.3620447342469000 50.9995002553655000
5.8000000000000000 52.7027668964137000 55.4239370186998000 50.1151990989124000
5.9000000000000000 51.8072454940106000 54.5014434649546000 49.2462312012440000
5.9999999999999900 50.9269407230936000 53.5943041859592000 48.3923306927261000
6.0999999999999900 50.0615940238191000 52.7022636203039000 47.5532363137467000
6.1999999999999900 49.2109512297727000 51.8250704602239000 46.7286913347808000
6.2999999999999900 48.3747624933161000 50.9624775808004000 45.9184434778414000
6.3999999999999900 47.5527822122034000 50.1142419703400000 45.1222448392929000
6.4999999999999900 46.7447689574431000 49.2801246619130000 44.3398518140014000
6.5999999999999900 45.9504854023870000 48.4598906660308000 43.5710250208025000
6.6999999999999900 45.1696982530230000 47.6533089044442000 42.8155292292592000
6.7999999999999900 44.4021781794531000 46.8601521450435000 42.0731332876911000
6.8999999999999900 43.6476997485356000 46.0801969378424000 41.3436100524512000
6.9999999999999900 42.9060413576715000 45.3132235520267000 40.6267363184291000
7.0999999999999900 42.1769851697164000 44.5590159140515000 39.9222927507586000
7.1999999999999900 41.4603170489979000 43.8173615467684000 39.2300638177106000
7.2999999999999900 40.7558264984207000 43.0880515095659000 38.5498377247484000
7.3999999999999900 40.0633065976401000 42.3708803395063000 37.8814063497275000
7.4999999999999900 39.3825539422864000 41.6656459934417000 37.2245651792180000
7.5999999999999900 38.7133685842210000 40.9721497910949000 36.5791132459320000
7.6999999999999900 38.0555539728092000 40.2901963590857000 35.9448530672354000
7.7999999999999900 37.4089168971896000 39.6195935758903000 35.3215905847261000
7.8999999999999900 36.7732674295251000 38.9601525177166000 34.7091351048599000
7.9999999999999900 36.1484188692179000 38.3116874052798000 34.1072992406059000
8.0999999999999900 35.5341876880724000 37.6740155514642000 33.5158988541131000
8.1999999999999900 34.9303934763905000 37.0469573098565000 32.9347530003724000
8.2999999999999900 34.3368588899816000 36.4303360241351000 32.3636838718536000
8.3999999999999900 33.7534095980742000 35.8239779783020000 31.8025167441041000
8.4999999999999900 33.1798742321120000 35.2277123477434000 31.2510799222899000
8.5999999999999900 32.6160843354202000 34.6413711511045000 30.7092046886638000
8.6999999999999900 32.0618743137270000 34.0647892029653000 30.1767252509446000
8.7999999999999800 31.5170813865258000 33.4978040673041000 29.6534786915909000
8.8999999999999800 30.9815455392639000 32.9402560117360000 29.1393049179553000
8.9999999999999800 30.4551094763440000 32.3919879625122000 28.6340466133021000
9.0999999999999800 29.9376185749231000 31.8528454602694000 28.1375491886747000
9.1999999999999800 29.4289208394984000 31.3226766165147000 27.6496607355975000
9.2999999999999800 28.9288668572626000 30.8013320708352000 27.1702319795980000
9.3999999999999800 28.4373097542197000 30.2886649488203000 26.6991162345348000
9.4999999999999800 27.9541051520453000 29.7845308206835000 26.2361693577173000
9.5999999999999800 27.4791111256807000 29.2887876605732000 25.7812497058039000
9.6999999999999800 27.0121881616468000 28.8012958065612000 25.3342180914647000
9.7999999999999800 26.5531991170670000 28.3219179212966000 24.8949377407958000
9.8999999999999800 26.1020091793861000 27.8505189533149000 24.4632742514718000
9.9999999999999800 25.6584858267734000 27.3869660989909000 24.0390955516241000
10.1000000000000000 25.2224987891992000 26.9311287651250000 23.6222718594321000
10.2000000000000000 24.7939200101721000 26.4828785321521000 23.2126756434153000
10.3000000000000000 24.3726236091270000 26.0420891179630000 22.8101815834135000
10.4000000000000000 23.9584858444516000 25.6086363423279000 22.4146665322441000
10.5000000000000000 23.5513850771418000 25.1823980919122000 22.0260094780235000
10.6000000000000000 23.1512017350742000 24.7632542858741000 21.6440915071427000
10.7000000000000000 22.7578182778857000 24.3510868420354000 21.2687957678844000
10.8000000000000000 22.3711191624502000 23.9457796436152000 20.9000074346707000
10.9000000000000000 21.9909908089415000 23.5472185065169000 20.5376136729316000
11.0000000000000000 21.6173215674733000 23.1552911471602000 20.1815036045815000
11.1000000000000000 21.2500016853056000 22.7698871508483000 19.8315682740953000
11.2000000000000000 20.8889232746086000 22.3908979406614000 19.4877006151722000
11.3000000000000000 20.5339802807742000 22.0182167468686000 19.1497954179777000
11.4000000000000000 20.1850684512663000 21.6517385768480000 18.8177492969537000
11.5000000000000000 19.8420853049998000 21.2913601855082000 18.4914606591863000
11.6000000000000000 19.5049301022406000 20.9369800462017000 18.1708296733228000
11.7000000000000000 19.1735038150161000 20.5884983221229000 17.8557582390269000
11.8000000000000000 18.8477090980300000 20.2458168381814000 17.5461499569642000
11.9000000000000000 18.5274502600694000 19.9088390533440000 17.2419100993078000
12.0000000000000000 18.2126332358994000 19.5774700334372000 16.9429455807550000
12.1000000000000000 17.9031655586345000 19.2516164244020000 16.6491649300474000
12.2000000000000000 17.5989563325794000 18.9311864259936000 16.3604782619840000
12.3000000000000000 17.2999162065314000 18.6160897659199000 16.0767972499201000
12.4000000000000000 17.0059573475368000 18.3062376744092000 15.7980350987425000
12.5000000000000000 16.7169934150926000 18.0015428592020000 15.5241065183142000
12.6000000000000000 16.4329395357874000 17.7019194809588000 15.2549276973786000
12.7000000000000000 16.1537122783719000 17.4072831290773000 14.9904162779166000
12.8000000000000000 15.8792296292545000 17.1175507979119000 14.7304913299485000
12.9000000000000000 15.6094109684123000 16.8326408633893000 14.4750733267726000
13.0000000000000000 15.3441770457115000 16.5524730600132000 14.2240841206330000
13.1000000000000000 15.0834499576308000 16.2769684582515000 13.9774469188099000
13.2000000000000000 14.8271531243795000 16.0060494423003000 13.7350862601235000
13.3000000000000000 14.5752112674047000 15.7396396882175000 13.4969279918465000
13.4000000000000000 14.3275503872813000 15.4776641424213000 13.2628992470159000
13.5000000000000000 14.0840977419764000 15.2200490005449000 13.0329284221386000
13.6000000000000000 13.8447818254844000 14.9667216866453000 12.8069451552838000
13.7000000000000000 13.6095323468244000 14.7176108327561000 12.5848803045551000
13.8000000000000000 13.3782802093942000 14.4726462587821000 12.3666659269353000
13.9000000000000000 13.1509574906761000 14.2317589527278000 12.1522352574994000
14.0000000000000000 12.9274974222865000 13.9948810512550000 11.9415226889862000
14.1000000000000000 12.7078343703651000 13.7619458205648000 11.7344637517259000
14.2000000000000000 12.4919038162972000 13.5328876375963000 11.5309950939146000
14.3000000000000000 12.2796423377634000 13.3076419715400000 11.3310544622310000
14.4000000000000000 12.0709875901116000 13.0861453656574000 11.1345806827898000
14.5000000000000000 11.8658782880453000 12.8683354194040000 10.9415136424246000
14.6000000000000000 11.6642541876230000 12.6541507708500000 10.7517942702955000
14.7000000000000000 11.4660560685638000 12.4435310793927000 10.5653645198164000
14.8000000000000000 11.2712257168531000 12.2364170087576000 10.3821673508943000
14.9000000000000000 11.0797059076447000 12.0327502102819000 10.2021467124780000
15.0000000000000000 10.8914403884523000 11.8324733064765000 10.0252475254080000
15.1000000000000000 10.7063738626278000 11.6355298748613000 9.8514156655651700
15.2000000000000000 10.5244519731195000 11.4418644320699000 9.6805979473103200
15.3000000000000000 10.3456212865065000 11.2514224182185000 9.5127421072119000
15.4000000000000000 10.1698292773045000 11.0641501815355000 9.3477967880553200
15.5000000000000000 9.9970243125383600 10.8799949632462000 9.1857115231296900
15.6000000000000000 9.8271556365764700 10.6989048827095000 9.0264367207870200
15.7000000000000000 9.6601733562230000 10.5208289228025000 8.8699236492691800
15.8000000000000000 9.4960284260635400 10.3457169155471000 8.7161244217978500
15.9000000000000000 9.3346726340596300 10.1735195279771000 8.5649919819231200
16.0000000000000000 9.1760585873880900 10.0041882482397000 8.4164800891261100
16.1000000000000000 9.0201396985209900 9.8376753719288500 8.2705433046711400
16.2000000000000000 8.8668701715421100 9.6739339886456600 8.1271369777033300
16.3000000000000000 8.7162049886959700 9.5129179687827800 7.9862172315871900
16.4000000000000000 8.5680998971653500 9.3545819505286400 7.8477409504821600
16.5000000000000000 8.4225113960735500 9.1988813270880400 7.7116657661508100
16.6000000000000000 8.2793967237074300 9.0457722341154000 7.5779500449958800
16.7000000000000000 8.1387138449576500 8.8952115373571900 7.4465528753220700
16.8000000000000000 8.0004214389722200 8.7471568205000400 7.3174340548186600
16.9000000000000000 7.8644788870199500 8.6015663732211500 7.1905540782591900
17.0000000000000000 7.7308462605600000 8.4583991794375200 7.0658741254144700
17.1000000000000000 7.5994843095143000 8.3176149057508200 6.9433560491751200
17.2000000000000000 7.4703544507390900 8.1791738900845900 6.8229623638800300
17.3000000000000000 7.3434187566924600 8.0430371305105000 6.7046562338473100
17.4000000000000000 7.2186399442943900 7.9091662742606900 6.5884014621039700
17.5000000000000000 7.0959813639761400 7.7775236069228800 6.4741624793111400
17.6000000000000000 6.9754069889156400 7.6480720418154300 6.3619043328812100
17.7000000000000000 6.8568814044558400 7.5207751095391600 6.2515926762837700
17.8000000000000000 6.7403697977028300 7.3955969477031200 6.1431937585369300
17.9000000000000000 6.6258379473007800 7.2725022908213500 6.0366744138808400
18.0000000000000000 6.5132522133804900 7.1514564603777900 5.9320020516303100
18.1000000000000000 6.4025795276788900 7.0324253550565900 5.8291446462033400
18.2000000000000000 6.2937873838262900 6.9153754411350100 5.7280707273225800
18.3000000000000000 6.1868438277987800 6.8002737430361800 5.6287493703866700
18.4000000000000000 6.0817174485327900 6.6870878340391900 5.5311501870085100
18.5000000000000000 5.9783773686991500 6.5757858271437300 5.4352433157177000
18.6000000000000000 5.8767932356338900 6.4663363660868100 5.3409994128240100
18.7000000000000000 5.7769352124232300 6.3587086165090300 5.2483896434394800
18.8000000000000000 5.6787739691399400 6.2528722572678100 5.1573856726560300
18.9000000000000000 5.5822806742286900 6.1487974718952800 5.0679596568761100
19.0000000000000000 5.4874269860377300 6.0464549401983000 4.9800842352936800
19.1000000000000000 5.3941850444945200 5.9458158299982800 4.8937325215229100
19.2000000000000000 5.3025274629227100 5.8468517890085700 4.8088780953719500
19.3000000000000000 5.2124273199983300 5.7495349368469500 4.7254949947594700
19.4000000000000000 5.1238581518424300 5.6538378571810900 4.6435577077712600
19.5000000000000000 5.0367939442483400 5.5597335900047900 4.5630411648546100
19.6000000000000000 4.9512091250407600 5.4671956240427200 4.4839207311480100
19.7000000000000000 4.8670785565648700 5.3761978892816200 4.4061721989439000
19.8000000000000000 4.7843775283029600 5.2867147496257800 4.3297717802820000
19.9000000000000000 4.7030817496165600 5.1987209956747800 4.2546960996712100
