Problem A1:
First I create a random tall matrix with random dimmensions
Random matrix A:
    9.925     6.983     5.727     1.507     6.246     7.946     1.445 
    3.726     2.419     2.215     7.192     3.224     9.922     6.892 
    9.887     4.662     5.710     0.219     8.497     8.085     3.018 
    9.639     8.033     0.793     6.892     0.671     5.877     9.553 
    4.428     5.693     4.823     0.515     8.399     6.364     6.297 
    1.423     3.736     6.588     4.179     0.670     9.580     9.907 
    9.658     7.766     2.325     5.409     6.491     9.758     3.944 
    3.903     4.700     1.157     1.847     2.791     9.323     0.286 
    8.950     4.933     4.615     5.575     2.069     1.892     9.298 
    6.727     7.392     6.678     4.825     3.558     0.595     8.464 
    0.926     9.121     6.041     7.827     8.505     3.111     9.981 

Then I decompose it into Q and R using the Gramm Schmitt method trough my qr_gs class:
Decomposition Q = 
    0.420    -0.060     0.148    -0.310    -0.099     0.088    -0.478 
    0.158    -0.042     0.080     0.684     0.453     0.255    -0.062 
    0.418    -0.284     0.335    -0.227     0.351    -0.009     0.099 
    0.408     0.064    -0.556     0.155    -0.363     0.024     0.413 
    0.187     0.226     0.140    -0.392     0.283     0.072     0.639 
    0.060     0.259     0.521     0.211    -0.400     0.551     0.156 
    0.408     0.037    -0.342     0.026     0.242     0.110    -0.196 
    0.165     0.168    -0.238    -0.186    -0.068     0.504    -0.234 
    0.378    -0.188     0.176     0.348    -0.145    -0.371     0.120 
    0.284     0.220     0.234     0.000    -0.357    -0.375    -0.176 
    0.039     0.824     0.013     0.079     0.279    -0.270    -0.129 
Decomposition R = 
   23.652    18.098    11.784    11.316    13.806    18.971    16.596 
    0.000    10.212     6.646     8.157     7.294     5.366    11.899 
    0.000     0.000     7.981    -0.792     3.598     2.241     4.832 
    0.000     0.000     0.000     8.506    -3.659     2.354     8.759 
    0.000     0.000     0.000     0.000     7.880     4.504    -2.258 
    0.000     0.000     0.000     0.000     0.000    13.038    -0.748 
    0.000     0.000     0.000     0.000     0.000     0.000     6.192 

Check that Q^(T)Q is equal to the identity matrix:
Q^(T)Q = 
    1.000     0.000     0.000     0.000     0.000     0.000     0.000 
    0.000     1.000     0.000     0.000     0.000     0.000     0.000 
    0.000     0.000     1.000     0.000     0.000     0.000     0.000 
    0.000     0.000     0.000     1.000     0.000     0.000     0.000 
    0.000     0.000     0.000     0.000     1.000     0.000     0.000 
    0.000     0.000     0.000     0.000     0.000     1.000     0.000 
    0.000     0.000     0.000     0.000     0.000     0.000     1.000 

Check that Q*R = A, or equivalently that Q*R-A is a matrix of all zeros:
Q*R-A
    0.000     0.000     0.000     0.000     0.000     0.000     0.000 
    0.000     0.000     0.000     0.000     0.000     0.000     0.000 
    0.000     0.000     0.000     0.000     0.000     0.000     0.000 
    0.000     0.000     0.000     0.000     0.000     0.000     0.000 
    0.000     0.000     0.000     0.000     0.000     0.000     0.000 
    0.000     0.000     0.000     0.000     0.000     0.000     0.000 
    0.000     0.000     0.000     0.000     0.000     0.000     0.000 
    0.000     0.000     0.000     0.000     0.000     0.000     0.000 
    0.000     0.000     0.000     0.000     0.000     0.000     0.000 
    0.000     0.000     0.000     0.000     0.000     0.000     0.000 
    0.000     0.000     0.000     0.000     0.000     0.000     0.000 

Problem A2:

Make a random square matrix, A, with random dimmensions, and a random vector, b, of the same dimmension:
A = 
    0.822     8.720 
    3.686     0.045 
b = 0.411 4.360 

Solve the system A*x = b for the vector x:
Solution: x = 1.184 -0.064 

Check that the vector x satisfies A*x=b:
A*x-b = 0.000 0.000 
