
Problem B:

Make a random square matrix A, with a random size:
Random Matrix A: 
    8.540     1.272     5.957     3.773     1.389     0.254     4.744     3.783 
    1.350     5.739     7.618     2.306     4.409     6.767     4.140     6.599 
    8.277     1.067     1.378     8.715     9.926     5.213     3.115     0.986 
    4.840     2.976     8.693     4.599     1.031     0.260     4.348     2.378 
    3.050     0.923     9.059     4.441     3.463     1.691     2.143     7.065 
    6.964     5.936     4.198     0.592     3.014     2.288     8.321     1.961 
    7.770     4.352     6.869     6.010     0.722     8.940     3.553     3.327 
    8.158     4.971     8.932     8.413     1.561     0.145     2.752     1.089 

Calculate the inverse of A:
Inverse of A: 
   -1.303    -1.326    -0.139    -0.841     1.626     1.171     0.536     0.229 
    0.384     0.474    -0.023    -0.068    -0.484    -0.259    -0.200     0.175 
   -2.151    -1.921    -0.183    -0.774     2.383     1.653     0.768     0.181 
    2.726     2.502     0.273     1.342    -3.146    -2.278    -0.987    -0.279 
   -1.549    -1.341    -0.057    -0.709     1.739     1.239     0.464     0.172 
   -0.591    -0.499    -0.026    -0.173     0.590     0.414     0.309    -0.038 
    1.995     1.801     0.211     1.225    -2.349    -1.584    -0.723    -0.409 
    1.853     1.631     0.097     0.538    -1.857    -1.386    -0.651    -0.130 

Check that A*A^(-1) is equal to the identity matrix:
A*A^(-1): 
    1.000     0.000     0.000     0.000     0.000     0.000     0.000     0.000 
    0.000     1.000     0.000     0.000     0.000     0.000     0.000     0.000 
    0.000     0.000     1.000     0.000     0.000     0.000     0.000     0.000 
    0.000     0.000     0.000     1.000     0.000     0.000     0.000     0.000 
    0.000     0.000     0.000     0.000     1.000     0.000     0.000     0.000 
    0.000     0.000     0.000     0.000     0.000     1.000     0.000     0.000 
    0.000     0.000     0.000     0.000     0.000     0.000     1.000     0.000 
    0.000     0.000     0.000     0.000     0.000     0.000     0.000     1.000 
