10 0
15 0
20 1
25 1
30 1
35 2
40 3
45 5
50 4
55 3
60 6
65 6
70 9
75 10
80 51
85 11
90 121
95 16
100 27
105 30
110 32
115 43
120 89
125 381
130 74
135 240
140 47
145 138


200 3
210 1
220 2
230 2
240 2
250 2
260 2
270 2
280 3
290 3
300 3
310 3
320 4
330 4
340 4
350 4
360 5
370 5
380 5
390 5
400 6
410 6
420 6
430 7
440 7
450 7
460 7
470 8
480 8
490 8
500 9
510 9
520 10
530 10
540 11
550 11
560 13
570 12
580 12
590 13
600 13
610 13
620 14
630 14
640 15
650 15
660 16
670 19
680 19
690 18
700 18
710 18
720 21
730 20
740 20
750 27
760 21
770 24
780 22
790 24
800 24
810 25
820 25
830 25
840 27
850 27
860 28
870 28
880 29
890 31
900 31
910 33
920 33
930 33
940 34
950 35
960 34
970 34
980 35
990 37
1000 38
1010 43
1020 40
1030 40
1040 41
1050 42
1060 42
1070 44
1080 44
1090 44
1100 47
1110 47
1120 47
1130 48
1140 49
1150 50
1160 50
1170 52
1180 53
1190 55
1200 54
1210 58
1220 56
1230 56
1240 58
1250 59
1260 60
1270 61
1280 61
1290 65
1300 64
1310 65
1320 65
1330 66
1340 68
1350 68
1360 70
1370 70
1380 71
1390 72
1400 75
1410 74
1420 75
1430 75
1440 78
1450 78
1460 79
1470 81
1480 80
1490 82
