1 11.7860579672765 NaN NaN NaN NaN
2 10.2312111189676 4.56784764630423 NaN NaN NaN
3 10.9148368424033 5.56785025016642 36.4950927109146 NaN NaN
4 0.172179916610844 4.23672218725647 7.86794101440493 39.4389701957621 NaN
5 0.0284059414994822 1.6232874146918 2.88137629550186 7.89466398668215 38.9046459446012
6 0.0802876039537015 1.23152576071687 2.7065368053319 2.96311717826208 7.84521251678538
7 3.74396088620443E-05 1.07629991363692 2.48993781734369 2.65920608637197 5.3361257346618
8 1.54504500393671E-06 0.0240056196228648 1.55535684661288 2.21629793109651 3.32320055386006
9 1.6837185512486E-07 0.0282701502559046 0.114801668803275 1.17638803888998 1.73459819414577
10 2.5889502630605E-07 0.00191575140341449 0.418972603367306 1.20755657513942 1.68212694615061
11 2.56068943826904E-10 4.30841861938092E-05 0.017089473592264 0.135018796412144 1.14188414025893
12 2.8421709430404E-14 4.39285287701097E-06 0.104572458167824 0.0308874659172202 0.739435021084024
13 8.5265128291212E-14 1.63816507914305E-06 0.0157336630517539 0.315553504395928 0.309486412651739
14 6.75015598972095E-14 3.4670115667268E-08 0.0112754304450466 0.0557843396072357 0.0543740390939425
15 5.32907051820075E-15 3.33655503226282E-09 0.000102585751443396 0.0047633402710181 0.0132046694137924
16 5.32907051820075E-15 1.50196299841809E-10 0.000102819162016043 0.0268419682139007 0.0014697896546314
17 1.10134124042816E-13 7.0983219302434E-12 9.01719796608802E-08 0.000123401629201769 0.300751436554167
18 2.48689957516035E-14 4.52970994047064E-14 4.15109129292546E-08 1.0645498582651E-05 0.000128047867912873
19 3.5527136788005E-14 1.33226762955019E-14 6.70575683869856E-09 0.000490324838174683 0.000135299267954858
20 2.66453525910038E-14 1.86517468137026E-14 4.49307258065801E-11 9.58805346229497E-09 4.51023027636666E-06
21 3.90798504668055E-14 1.15463194561016E-14 7.37632177560954E-13 1.97342764352015E-08 1.50826668099402E-05
22 2.66453525910038E-14 2.04281036531029E-14 5.77315972805081E-14 2.2142732092334E-11 1.69199392274777E-08
23 2.1316282072803E-14 2.1316282072803E-14 1.24344978758018E-14 2.24931184789057E-12 5.47881207069167E-09
24 7.99360577730113E-14 2.30926389122033E-14 5.77315972805081E-15 1.18127729820117E-13 2.24724017172662E-10
25 6.75015598972095E-14 2.48689957516035E-14 5.32907051820075E-15 9.76996261670138E-15 9.61922608233579E-09
26 7.105427357601E-14 3.5527136788005E-14 1.02140518265514E-14 4.44089209850063E-16 1.39732669879322E-12
27 6.92779167366098E-14 2.48689957516035E-14 1.06581410364015E-14 1.11022302462516E-14 8.42881320295419E-13
28 5.86197757002083E-14 2.93098878501041E-14 7.99360577730113E-15 5.77315972805081E-15 3.81916720471054E-14
29 6.75015598972095E-14 3.01980662698043E-14 3.99680288865056E-15 2.66453525910038E-15 6.43929354282591E-15
30 7.46069872548105E-14 2.8421709430404E-14 8.43769498715119E-15 2.66453525910038E-15 4.44089209850063E-16
31 1.95399252334028E-14 2.39808173319034E-14 0 4.44089209850063E-15 6.66133814775094E-16
32 3.5527136788005E-15 4.35207425653061E-14 6.66133814775094E-15 3.5527136788005E-15 3.33066907387547E-15
33 7.105427357601E-15 2.8421709430404E-14 1.06581410364015E-14 4.44089209850063E-16 1.33226762955019E-15
34 3.01980662698043E-14 1.86517468137026E-14 8.88178419700125E-15 4.88498130835069E-15 1.77635683940025E-15
35 2.30926389122033E-14 2.8421709430404E-14 4.44089209850063E-16 5.77315972805081E-15 2.44249065417534E-15
36 1.22568621918617E-13 3.5527136788005E-15 1.28785870856518E-14 6.21724893790088E-15 4.44089209850063E-16
37 0 2.04281036531029E-14 4.44089209850063E-16 1.68753899743024E-14 1.99840144432528E-15
38 1.77635683940025E-15 1.68753899743024E-14 1.59872115546023E-14 2.66453525910038E-15 1.77635683940025E-15
39 4.79616346638068E-14 2.1316282072803E-14 1.33226762955019E-14 3.99680288865056E-15 0
40 3.01980662698043E-14 2.39808173319034E-14 1.33226762955019E-14 1.06581410364015E-14 8.88178419700125E-16
41 4.61852778244065E-14 2.48689957516035E-14 1.24344978758018E-14 4.44089209850063E-15 1.33226762955019E-15
42 4.08562073062058E-14 2.66453525910038E-14 1.11022302462516E-14 7.99360577730113E-15 2.66453525910038E-15
43 3.5527136788005E-15 6.21724893790088E-15 5.32907051820075E-15 6.21724893790088E-15 1.11022302462516E-15
44 1.95399252334028E-14 1.68753899743024E-14 8.88178419700125E-16 4.44089209850063E-16 3.99680288865056E-15
45 3.5527136788005E-15 8.88178419700125E-15 8.88178419700125E-15 5.32907051820075E-15 2.22044604925031E-15
46 1.59872115546023E-14 1.86517468137026E-14 8.88178419700125E-15 4.88498130835069E-15 1.11022302462516E-15
47 4.44089209850063E-14 3.19744231092045E-14 1.50990331349021E-14 7.99360577730113E-15 3.10862446895044E-15
48 3.90798504668055E-14 3.10862446895044E-14 3.5527136788005E-15 4.44089209850063E-16 1.55431223447522E-15
49 7.63833440942108E-14 4.35207425653061E-14 8.88178419700125E-15 2.66453525910038E-15 1.77635683940025E-15


1 37.239114763397 NaN NaN NaN NaN
2 28.5884967201906 7.22754786646634 NaN NaN NaN
3 0.0290310601610102 6.06174143157688 6.02209474047892 NaN NaN
4 0.00245434545578149 0.953244962979251 4.15198215871396 7.0947344668996 NaN
5 4.64865313176688E-06 1.28270604774217 3.98276212968183 4.26388174020567 13.5494543422028
6 4.32214690704313E-07 0.180185367968885 1.34517813328249 2.33359977370101 5.55359358686235
7 4.1048053844861E-11 0.0188632155037407 1.34117465790847 2.08945537264771 2.39514264489421
8 1.27897692436818E-13 0.174935083977927 1.79322488716423 1.31680225562146 1.9066324907058
9 7.105427357601E-15 7.91595204310269E-05 1.12689857807034 0.532032974598041 1.80028536092522
10 7.105427357601E-15 0.000426373274229341 0.163984789184027 0.569052848487617 1.55380664399161
11 7.105427357601E-15 9.16879798751324E-07 7.50121127719439E-05 0.0258814763614659 1.05832155922214
12 7.8159700933611E-14 2.36406005882372E-09 4.71450093275649E-06 0.410635325994544 0.709998118449624
13 8.5265128291212E-14 1.05555564289261E-10 0.080524253254767 0.083162717144702 0.297475547084244
14 1.20792265079217E-13 1.92495797080028E-10 4.60095683330053E-07 0.18364945548822 0.171686167247457
15 6.3948846218409E-14 3.64153152077051E-14 1.70655223286076E-09 0.000675770505348616 0.0650593338216603
16 7.105427357601E-14 2.66453525910038E-15 7.87201415164418E-10 0.00863008355704853 0.0411630665018612
17 7.8159700933611E-14 7.105427357601E-15 4.33253433129721E-12 0.00041930302874027 0.000276246654656642
18 9.2370555648813E-14 8.88178419700125E-15 1.81188397618826E-13 2.42543134687523E-06 0.0258279313988663
19 5.6843418860808E-14 0 8.88178419700125E-16 0.00460560149826783 0.125881537347342
20 7.105427357601E-15 2.66453525910038E-15 2.04281036531029E-14 7.59737739386424E-09 3.98058201087625E-05
21 1.4210854715202E-13 4.44089209850063E-15 7.99360577730113E-15 7.77893305325961E-10 4.12230983570794E-07
22 5.6843418860808E-14 1.50990331349021E-14 4.44089209850063E-15 8.35944646837561E-11 7.36859810945845E-08
23 7.8159700933611E-14 4.44089209850063E-15 9.76996261670138E-15 5.94191362779384E-13 5.97135074720256E-09
24 8.5265128291212E-14 1.24344978758018E-14 4.44089209850063E-15 9.80548975348938E-13 1.06724495907429E-09
25 7.105427357601E-14 3.5527136788005E-15 2.66453525910038E-15 3.09530179265494E-13 2.88211676746641E-11
26 9.2370555648813E-14 7.105427357601E-15 8.88178419700125E-15 2.22044604925031E-15 3.39284156325448E-12
27 5.6843418860808E-14 0 7.99360577730113E-15 3.10862446895044E-15 1.68975944347949E-13
28 2.1316282072803E-14 1.15463194561016E-14 6.21724893790088E-15 5.32907051820075E-15 7.54951656745106E-15
29 4.2632564145606E-14 3.5527136788005E-15 7.105427357601E-15 4.44089209850063E-15 7.105427357601E-15
30 6.3948846218409E-14 2.66453525910038E-15 1.77635683940025E-15 6.21724893790088E-15 3.5527136788005E-15
31 2.1316282072803E-14 1.77635683940025E-15 4.44089209850063E-15 9.76996261670138E-15 1.99840144432528E-15
32 1.13686837721616E-13 1.77635683940025E-15 9.76996261670138E-15 1.15463194561016E-14 3.33066907387547E-15
33 0 2.48689957516035E-14 2.66453525910038E-15 6.66133814775094E-15 6.66133814775094E-15
34 6.3948846218409E-14 1.68753899743024E-14 5.32907051820075E-15 7.105427357601E-15 3.77475828372553E-15
35 1.4210854715202E-14 6.21724893790088E-15 2.66453525910038E-15 6.66133814775094E-15 5.32907051820075E-15
36 8.5265128291212E-14 1.33226762955019E-14 3.5527136788005E-15 7.99360577730113E-15 4.88498130835069E-15
37 1.70530256582424E-13 1.33226762955019E-14 9.76996261670138E-15 8.43769498715119E-15 2.22044604925031E-16
38 5.6843418860808E-14 5.32907051820075E-15 0 1.68753899743024E-14 3.99680288865056E-15
39 0 3.5527136788005E-15 2.66453525910038E-14 2.22044604925031E-15 3.5527136788005E-15
40 9.2370555648813E-14 7.99360577730113E-15 1.06581410364015E-14 8.43769498715119E-15 3.10862446895044E-15
41 7.105427357601E-14 1.24344978758018E-14 9.76996261670138E-15 4.44089209850063E-15 8.88178419700125E-16
42 1.27897692436818E-13 2.39808173319034E-14 3.5527136788005E-15 1.68753899743024E-14 1.99840144432528E-15
43 2.27373675443232E-13 1.77635683940025E-15 6.21724893790088E-15 3.10862446895044E-15 2.88657986402541E-15
44 7.105427357601E-15 7.105427357601E-15 8.88178419700125E-16 5.32907051820075E-15 2.66453525910038E-15
45 3.5527136788005E-14 2.66453525910038E-15 8.88178419700125E-15 6.21724893790088E-15 5.99520433297585E-15
46 1.06581410364015E-13 2.66453525910038E-15 3.5527136788005E-15 6.66133814775094E-15 5.55111512312578E-15
47 0 1.24344978758018E-14 2.66453525910038E-15 1.77635683940025E-15 5.55111512312578E-15
48 4.9737991503207E-14 1.77635683940025E-14 2.1316282072803E-14 3.5527136788005E-15 7.7715611723761E-15
49 4.2632564145606E-14 9.76996261670138E-15 1.15463194561016E-14 3.99680288865056E-15 4.88498130835069E-15


1 1.34791472952711 NaN NaN NaN NaN
2 1.37117663806596 1.37094182104104 NaN NaN NaN
3 0.504804162525321 1.37120026506438 1.38897304115573 NaN NaN
4 0.0745360746411197 1.4078286786576 1.26178711664819 1.41260044659718 NaN
5 0.0563149409519596 1.04930858008599 1.38807440963862 1.41165984508035 1.41421230255674
6 0.0263818661885529 0.552682665324233 1.37295568841065 1.34130695729155 1.41192628595752
7 0.00709784331816091 0.598620298390307 1.3914400101204 1.36517242452203 1.34664366204449
8 0.0458569937680127 0.187650479168304 1.09048486699692 1.36626023263152 1.41361592733124
9 0.000169689407204868 0.0329374297539983 0.844608601874586 1.40364926124055 1.37395641497707
10 2.28276404906923E-06 0.446563004748064 0.405806654817695 1.22516485755544 1.38900341850496
11 4.60539760064541E-07 0.00528696064211804 0.847336400929352 0.966138401283289 1.35357117115749
12 1.28601186626623E-07 0.00211989966710003 0.175480881395193 0.739745053700133 1.36883283718722
13 1.03939201244204E-08 0.00257065283084415 0.0198881647675474 0.1709434191514 1.36806485875165
14 4.11692394565973E-09 0.00170115460284678 0.0152104747255744 0.153971174533931 1.19858556173716
15 3.93038752957126E-09 7.14836233229857E-05 0.00117682744079549 0.0107733880963775 1.33085315857412
16 8.09560497212112E-09 9.83487285186596E-06 0.00300001237714555 0.0271511037730786 0.357746529649478
17 5.04818409196584E-09 1.64114154071213E-05 0.00058179835458317 0.020426641279899 0.0403866732922156
18 4.34547249224906E-09 6.76045569148105E-08 2.56235733419937E-05 0.00249470364368631 0.00786452252192583
19 3.76614270729235E-09 5.31679115172127E-08 0.000131643503823885 0.000354169408480259 0.00570456630055354
20 5.71235234936578E-09 1.1316387092655E-08 3.37734374005365E-06 0.000328453910110449 0.00197372078945673
21 7.74128620612046E-09 1.02237626443888E-08 4.38078213868716E-06 3.0128749185421E-05 0.00939987800733101
22 3.76128018351113E-09 1.64249814716226E-08 6.80303012041234E-08 1.77743415556992E-05 0.00155765770155153
23 6.45195389216257E-09 1.2732261359618E-08 4.7893952983534E-08 1.57534607914867E-06 0.000415226276821201
24 6.08199968582197E-09 1.14558731575255E-08 1.09105935160789E-08 6.97585983001376E-07 1.57697518361168E-05
25 6.5775950578517E-09 1.31939779118177E-08 1.04609968743728E-08 1.029608082451E-07 2.15816610600198E-06
26 3.83744632886309E-09 1.13450645728871E-08 7.88011331360212E-09 2.49993760392561E-08 5.09913707476946E-07
27 6.27133943233859E-09 1.74576087123595E-08 9.33587146193297E-09 1.48094943735595E-08 3.54840362885929E-07
28 5.03280722358128E-09 1.22374046315041E-08 1.1447522929606E-08 1.37479971936515E-08 2.21531126722179E-07
29 4.79590733949155E-09 1.22841940820844E-08 1.33716829254025E-08 1.53665217145397E-08 2.1133979309151E-08
30 4.23610946793088E-09 1.33023444824278E-08 8.07223783185747E-09 1.31992082054142E-08 1.80277893894605E-08
31 5.33546625917863E-09 1.27538847559717E-08 8.59013716617485E-09 1.5278134079615E-08 1.15360963586399E-08
32 5.24049633654324E-09 1.86613338386728E-08 1.36151818301341E-08 1.39504469253469E-08 1.43393027127586E-08
33 4.33317337049408E-09 9.86695585963518E-09 8.31108573544063E-09 1.92711226987178E-08 1.16643334516619E-08
34 4.35553447412634E-09 1.16552297790303E-08 8.80435936495751E-09 1.34587108659404E-08 1.01514059597413E-08
35 4.82492434387721E-09 1.26187612344786E-08 8.62385916290794E-09 1.26837945163284E-08 8.6107374963577E-09
36 3.80965259183249E-09 1.26025756125058E-08 9.57679025691797E-09 1.5785521591665E-08 1.31275626328326E-08
37 8.18695391355749E-09 1.46619271339893E-08 1.53334346370863E-08 1.52329591030146E-08 9.25518687436206E-09
38 5.38638158567512E-09 1.20527288666671E-08 9.39595516634159E-09 1.31668087415487E-08 8.07719650114941E-09
39 5.02069430340856E-09 1.09948243854557E-08 1.12984762252845E-08 1.40624088024521E-08 7.92672058918817E-09
40 4.53518059740572E-09 1.19682439790247E-08 8.81126634427508E-09 1.29075759860498E-08 8.18658244132668E-09
41 4.22809974102619E-09 1.14621747523045E-08 8.04598034059738E-09 1.40637664509069E-08 7.59160591070116E-09
42 4.23749791719198E-09 1.24507561575758E-08 8.51457235993132E-09 1.39233105432142E-08 9.01658568409396E-09
43 4.97950197945182E-09 1.12909174550965E-08 1.01359145344155E-08 1.41250399537425E-08 9.04359633600645E-09
44 4.47319932552796E-09 1.34133422768938E-08 1.03036906390489E-08 1.27088178130862E-08 7.67337060307716E-09
45 4.3408837571695E-09 1.27731230729409E-08 1.26928346087357E-08 1.36763608184898E-08 9.15194620156767E-09
46 6.78852505535156E-09 1.52745939042883E-08 8.94326930982305E-09 1.56347030805202E-08 1.42071922149107E-08
47 6.18853789509343E-09 1.24850842644652E-08 1.08420106811288E-08 1.45279383158673E-08 9.8335435369378E-09
48 4.43859702019072E-09 1.25400024392073E-08 8.86712935907256E-09 1.406856608846E-08 7.82465027144693E-09
49 6.26393266167175E-09 1.26512005026548E-08 1.62437336060005E-08 2.10309675388256E-08 1.8230189884709E-08


1 1.40196272525822 NaN NaN NaN NaN
2 1.38378052323878 1.09358892433853 NaN NaN NaN
3 0.114706744704931 1.27671602447766 1.23134435449941 NaN NaN
4 0.00829267637869893 0.991256204364576 1.33498085431165 1.40788910110697 NaN
5 0.00144151517457868 0.416539651233018 1.34706907644575 1.37288363714636 1.41035899326066
6 5.36905152068235E-05 0.798443594515552 1.39088222338714 1.35790394768603 1.39488556824385
7 2.43803707930315E-06 0.479929475020571 0.841122889626784 1.41271285919599 1.33231666909037
8 1.31806912474274E-06 0.0190956536514611 0.308935522269917 1.36432735943095 1.4068481005499
9 2.5075164988765E-08 0.00249827336128997 0.0445596303302904 1.25487855008886 1.36294444628776
10 3.29580077012981E-09 0.00217289184508424 0.0131419011283793 0.861173539023771 1.3798949407433
11 3.46973574186615E-09 0.000145407782873752 0.00646059877265762 0.180471015511608 1.39578733716957
12 6.84861919896894E-09 4.31378724962633E-05 0.000558278803058129 0.323438892336785 1.39779858555579
13 4.3011582142551E-09 3.78177223909384E-06 0.000167531837588249 0.03419531214697 1.17349396705202
14 6.23936675560613E-09 1.06684550477877E-06 0.00123222302193263 0.0717159456476138 0.164601941202997
15 3.94014568489487E-09 5.60136907304069E-08 1.7210419975672E-05 0.00540619591970516 0.0606626035220605
16 3.57990341023435E-09 1.15831041095268E-07 1.48766965390947E-05 0.0143997384539513 1.1680716320167
17 3.31986917056135E-09 9.08955219566334E-09 7.1991052648902E-07 0.00454726154559934 0.0669422033300658
18 4.29123240500738E-09 9.73740198984959E-09 4.70246997019462E-07 0.00114731779488969 0.366335267630267
19 3.30029771446824E-09 8.8199876037521E-09 5.38412263210239E-08 0.00303413531798155 0.0116620181442316
20 3.23417674765244E-09 8.81164607797896E-09 1.10411241234272E-08 0.000151616348342393 0.00470815155444667
21 5.26735079387686E-09 1.02128218522965E-08 1.75204440636355E-08 6.75856168444932E-05 0.00323733830318453
22 3.67080414898311E-09 1.02365755775952E-08 9.98276318846801E-09 8.45850650535414E-06 0.000229657672679342
23 5.56829698930036E-09 9.98648980898125E-09 1.17468614622748E-08 2.61248917203725E-06 0.000533419358761557
24 4.05434496407845E-09 9.21278091282372E-09 1.14265516381748E-08 1.09674982132178E-06 1.68046069707695E-05
25 4.81927855368462E-09 1.0104389851586E-08 1.05871080937703E-08 4.412855003202E-08 1.43815837095671E-05
26 3.65843052184057E-09 1.0254017476039E-08 1.20451717751811E-08 9.19562067313379E-08 2.88373553275165E-06
27 4.79794888424437E-09 1.06094653300839E-08 9.88433349545052E-09 1.86191772851566E-08 5.19708892489348E-07
28 5.70023326581423E-09 1.06884274211619E-08 1.00683306620858E-08 1.03887034527557E-08 3.90169513705319E-08
29 3.60111790216264E-09 8.89422905373296E-09 1.04969336247755E-08 9.96584465815607E-09 3.38798986553347E-08
30 4.19701509721811E-09 9.48677381397803E-09 9.91632797559842E-09 1.03525445809565E-08 1.79862427333763E-08
31 3.9771445757231E-09 9.52819778261342E-09 1.14148534720359E-08 9.90835849453486E-09 1.15254536547453E-08
32 3.50524630406937E-09 8.66536429024026E-09 8.87038909918876E-09 1.08222984722581E-08 8.11008941159102E-09
33 5.82112112638995E-09 1.01849792042758E-08 1.46083856999666E-08 9.36936986222704E-09 1.30472862019936E-08
34 4.59389346537857E-09 9.24662214358484E-09 1.0017771155369E-08 1.25877316795946E-08 1.20806656887161E-08
35 6.67018356804296E-09 1.75122177705113E-08 1.984896699506E-08 9.46260314687094E-09 1.13099304008047E-08
36 3.20516528897149E-09 1.15412571305302E-08 9.70481137935637E-09 1.30639057022391E-08 1.14340267607823E-08
37 3.49151446388323E-09 9.35705948349097E-09 1.03648926597299E-08 1.18837344138566E-08 1.10571335205675E-08
38 4.39073502647321E-09 1.24580972760293E-08 1.0932712079074E-08 1.05845565059008E-08 1.09061560957296E-08
39 5.63616443562892E-09 8.70236842233254E-09 1.13502037167045E-08 1.02209857080025E-08 1.35186148724877E-08
40 3.32376985184019E-09 9.26918809921225E-09 1.13622950361715E-08 1.49048330274565E-08 1.24297592822659E-08
41 3.78604072323579E-09 1.0430041516129E-08 1.33441527899589E-08 9.96810513541883E-09 1.05268827714589E-08
42 5.18699277307456E-09 9.29643626742506E-09 1.18948925850581E-08 1.32102178474663E-08 1.22251355413114E-08
43 4.3344306161001E-09 1.12770025643967E-08 1.30959846970625E-08 9.63186921919235E-09 1.23706024442551E-08
44 4.63370741641556E-09 1.05660721166972E-08 1.1226340314042E-08 1.03241902087926E-08 1.37108632702909E-08
45 3.59869197637044E-09 1.03514888242195E-08 1.17902958043771E-08 1.36704850045054E-08 1.2983805072651E-08
46 4.84645845074741E-09 9.68451323243519E-09 1.35774065603591E-08 1.30340274018786E-08 1.23212586277108E-08
47 4.26167578948896E-09 1.0607962068229E-08 9.00801964106033E-09 1.50515783740907E-08 9.57379155159872E-09
48 4.25041243975247E-09 9.14865665847315E-09 1.36972654600222E-08 1.2796359527034E-08 1.21697214052221E-08
49 4.18453129941995E-09 1.16809081720289E-08 1.0213807871802E-08 1.16909305044298E-08 1.52226587021564E-08
