1 23.5198015855458 NaN NaN NaN NaN
2 3.65204433325973 28.742138709538 NaN NaN NaN
3 1.97522246032399 5.47396727024963 28.3741809013262 NaN NaN
4 1.02381825707274 3.67838475346633 6.1579852521706 28.342694434093 NaN
5 0.491463376462861 2.48716633496198 4.33712063220248 6.61365197125482 27.9787584532129
6 0.295374016465766 1.91607948275648 3.36426030800481 5.06130942832749 6.42827304235385
7 0.0620962941491667 1.34771669272734 2.37450432733983 4.08827252264056 5.18081480018767
8 0.0422063830235255 1.13100710726247 1.69715268003094 2.94105357467993 4.10993402604416
9 0.0262946020753212 0.737074037695855 1.18027754175606 2.49462154083265 3.66581965213817
10 0.0195096144455285 0.56417757227492 1.06854917014211 2.24891237116118 2.80716363568995
11 0.00762260370312928 0.472945805239191 0.862402937171594 1.79470873933346 2.24475800044191
12 0.00542445528277469 0.422203830318352 0.722988343643443 1.35401132772226 2.09234388411628
13 0.00453768276649047 0.392372473903044 0.591806450219468 1.12674918491064 1.84508539481448
14 0.00146529144735652 0.355837277663944 0.305278408061165 1.15426167781313 1.23471579968692
15 0.0674017256453854 0.393581465096955 0.309655084644016 0.831035107544726 1.06031554700117
16 0.0672372223879116 0.196560696907455 0.0198968674740887 0.697335364402853 0.915977987245469
17 0.000914269870344153 0.000968368153452914 0.0250750287234145 0.604657816875555 0.643180697182358
18 8.61635660189819E-05 0.0304877987753698 0.0179229734882131 0.3825616861011 0.697447960238549
19 5.53451382772074E-05 0.00414137853344254 0.0282030341695698 0.388658436059216 0.246080974155984
20 2.82003563123467E-06 8.32784359081629E-05 0.0317736619392952 0.374768100178211 0.42986586907649
21 2.54850658487626E-06 2.14659849717691E-06 0.0318250604013395 0.36643273780932 0.309260580733321
22 0.000176147601421039 5.74442649079465E-05 0.0195738741981213 0.356663707948641 0.192972862966816
23 4.05913634962118E-05 2.34444646571852E-05 0.0244442225513182 0.0581107322684304 0.02648987850259
24 1.1233970198532E-07 9.22964950245131E-07 0.00772698182410192 0.11233339574318 0.0290990457065119
25 4.81760054071856E-08 3.85472652908447E-07 0.00401256024774144 0.00983626556230632 0.0085229558967912
26 9.88905179966082E-09 1.41557955579685E-07 0.00205892010579323 0.000193227763305437 0.00062847362168883
27 1.42864076124738E-09 3.25993234184807E-07 0.000205349005601985 0.000132513971073056 0.00665972784137514
28 1.15231530983806E-08 6.02597767240809E-08 3.67392714673009E-05 9.22653579373822E-05 0.0318447904661339
29 6.52504716924796E-11 4.45323333764236E-10 1.55144154856401E-06 5.13533142054712E-05 0.000963293674504317
30 6.97797375437403E-12 1.02834709636568E-08 0.00156922252742309 6.01721397850419E-05 0.000387708527237685
31 1.42972300665178E-10 2.4903012985078E-10 4.92034586896395E-06 0.000361429774260902 2.29529261588368E-05
32 3.89466237038505E-13 7.4140693584468E-12 1.07339496846492E-07 1.48531965127319E-06 9.16069601597513E-06
33 1.01696429055664E-13 5.32907051820075E-14 7.36348559904343E-08 1.47408689699091E-08 3.73164486866528E-07
34 4.88498130835069E-14 2.8421709430404E-14 3.91342824812568E-09 2.07086348069652E-09 9.21436766887496E-08
35 9.32587340685131E-15 -1.37667655053519E-14 2.95607538447484E-10 6.59533716529381E-09 2.19531877121426E-08
36 1.64313007644523E-14 -1.33226762955019E-14 4.59334792424215E-11 1.52300394518079E-10 1.40395668424276E-08
37 1.59872115546023E-14 -1.82076576038526E-14 1.16404219596689E-10 7.43849426498855E-13 2.98121527464446E-11
38 1.46549439250521E-14 -1.19904086659517E-14 2.22044604925031E-15 1.51478829479856E-12 1.17386100839667E-11
39 7.54951656745106E-15 -5.77315972805081E-15 1.73194791841524E-14 3.5349501104065E-13 6.93667345785798E-13
40 1.50990331349021E-14 -1.06581410364015E-14 -8.43769498715119E-15 4.48530101948563E-14 6.50146603220492E-13
41 7.105427357601E-15 -1.4210854715202E-14 -8.43769498715119E-15 1.50990331349021E-14 1.46505030329536E-12
42 1.24344978758018E-14 -9.76996261670138E-15 -3.99680288865056E-15 6.66133814775094E-15 5.77315972805081E-15
43 1.55431223447522E-14 -1.68753899743024E-14 -1.02140518265514E-14 -8.88178419700125E-16 -6.21724893790088E-15
44 1.28785870856518E-14 -8.43769498715119E-15 -1.33226762955019E-15 1.11022302462516E-14 -6.66133814775094E-15
45 4.44089209850063E-15 -9.32587340685131E-15 -5.32907051820075E-15 5.32907051820075E-15 -2.22044604925031E-15
46 7.54951656745106E-15 -1.11022302462516E-14 7.99360577730113E-15 4.44089209850063E-15 -9.32587340685131E-15
47 5.32907051820075E-15 -1.64313007644523E-14 2.66453525910038E-15 1.46549439250521E-14 -1.55431223447522E-14
48 8.43769498715119E-15 -1.95399252334028E-14 -1.73194791841524E-14 1.06581410364015E-14 -4.88498130835069E-15
49 1.11022302462516E-14 -8.88178419700125E-15 -9.76996261670138E-15 1.06581410364015E-14 -1.11022302462516E-14


1 6.50189667275953 NaN NaN NaN NaN
2 0.0820406218621805 3.92787313442968 NaN NaN NaN
3 0.000548625279989778 1.16843349893597 5.90428948799991 NaN NaN
4 2.46586433050311E-06 0.427151755659895 3.77949557068674 6.17050301640975 NaN
5 1.25135706241508E-08 0.714940136857522 2.74387952907463 4.36234777810468 6.47816915739408
6 5.89572834996943E-11 0.370063210323981 1.59913972742393 3.2006612148846 4.80530617118071
7 2.8421709430404E-13 0.179654551504094 1.18077853817116 2.51882968923167 3.5950261586802
8 2.8421709430404E-14 0.114147083101745 1.02058540198978 1.97858528399457 3.08452979946941
9 3.5527136788005E-15 0.0872546592486243 0.886150550441202 1.26542425562958 2.26366347882074
10 2.48689957516035E-14 0.0618438561466599 0.565680350841877 0.740500677586843 1.83089678663848
11 3.90798504668055E-14 0.106221315262331 0.477569462846186 0.780065354355237 1.36023523057312
12 3.19744231092045E-14 0.103314874242132 0.393304098090706 0.597300374666649 0.931272277987669
13 2.1316282072803E-14 0.101226387079991 0.317931053229601 0.394863440582457 0.709685607106236
14 4.9737991503207E-14 0.00559558717646214 0.0308513626286775 0.338690261501345 0.610757435291859
15 3.90798504668055E-14 0.00168315611824887 0.008764720432207 0.275722039596026 0.448319080539654
16 1.77635683940025E-14 0.00694572212469202 0.0470787538793074 0.0734292075699727 0.301377214936533
17 1.06581410364015E-14 0.00248494506825603 0.0146857637346942 0.0377210581855745 0.192528284225876
18 2.48689957516035E-14 0.000509454703157886 0.000209485900408257 0.00439167719773081 0.173919226267479
19 3.19744231092045E-14 7.68779328064184E-06 0.0012443941477116 0.0260804922550633 0.0142066829296796
20 7.105427357601E-15 1.97319783978855E-06 0.00123660784288582 0.00203139571148814 0.0223608634622776
21 1.77635683940025E-14 2.13755382727499E-06 1.10424577237644E-05 0.00127105114412229 0.0986820392734948
22 2.1316282072803E-14 0.000346117644437705 2.82321858415813E-05 0.000497122725362509 0.0549437725812196
23 4.61852778244065E-14 1.63558585786205E-07 1.07401074744828E-06 0.000131066697904636 0.00440923199937959
24 3.90798504668055E-14 7.75278152786996E-09 6.52246168186821E-08 1.94824272625738E-06 0.000830580532384939
25 6.75015598972095E-14 5.31121115976418E-08 4.08802525164731E-08 3.35627963337082E-05 0.00187506892340661
26 3.19744231092045E-14 5.96404259312067E-10 2.01672900601579E-10 1.28900845997038E-07 0.132237592587224
27 5.32907051820075E-14 1.21300480770969E-09 4.21041743692285E-08 0.000490433735513385 0.000680320094856413
28 2.48689957516035E-14 3.87938570156621E-11 5.1891291263928E-10 6.96978084135935E-08 0.0457016642427708
29 2.8421709430404E-14 1.01831432175459E-10 8.14459610865015E-12 4.17696501386899E-07 1.67760439175879E-05
30 3.5527136788005E-14 2.88657986402541E-14 1.13198339590781E-12 5.11077820064543E-08 8.781028586613E-05
31 3.90798504668055E-14 2.04281036531029E-14 5.11852782381084E-11 8.79424533195561E-10 1.43790069371263E-05
32 4.61852778244065E-14 2.66453525910038E-15 1.50990331349021E-13 6.98049618108598E-10 2.98334655646215E-06
33 2.48689957516035E-14 6.66133814775094E-15 3.50830475781549E-14 3.99280608576191E-11 1.67589439215021E-07
34 6.75015598972095E-14 1.86406445834564E-11 4.44089209850063E-16 2.15811901682628E-09 1.15045168058714E-07
35 1.4210854715202E-14 5.32907051820075E-15 1.33226762955019E-15 1.78337344891588E-11 1.49249967940079E-08
36 2.48689957516035E-14 6.21724893790088E-15 3.5527136788005E-15 8.66418048417472E-13 1.531092586049E-09
37 7.105427357601E-15 1.77635683940025E-15 6.21724893790088E-15 9.2370555648813E-14 7.06017466711728E-11
38 4.61852778244065E-14 4.44089209850063E-15 4.44089209850063E-15 4.88498130835069E-15 4.92406115881749E-12
39 3.90798504668055E-14 3.10862446895044E-15 3.5527136788005E-15 1.33226762955019E-15 2.44426701101474E-12
40 6.75015598972095E-14 5.77315972805081E-15 2.22044604925031E-15 6.21724893790088E-15 2.38031816479634E-13
41 7.105427357601E-15 6.21724893790088E-15 1.33226762955019E-15 1.64313007644523E-14 3.73034936274053E-14
42 3.90798504668055E-14 1.11022302462516E-14 1.64313007644523E-14 2.66453525910038E-15 8.88178419700125E-16
43 3.5527136788005E-15 4.44089209850063E-16 6.66133814775094E-15 9.76996261670138E-15 8.88178419700125E-16
44 2.48689957516035E-14 0 5.32907051820075E-15 3.99680288865056E-15 4.44089209850063E-16
45 6.75015598972095E-14 1.77635683940025E-15 2.22044604925031E-15 6.21724893790088E-15 7.54951656745106E-15
46 2.1316282072803E-14 3.10862446895044E-15 3.99680288865056E-15 1.50990331349021E-14 7.54951656745106E-15
47 5.6843418860808E-14 5.32907051820075E-15 4.44089209850063E-16 5.77315972805081E-15 1.28785870856518E-14
48 0 3.99680288865056E-15 5.77315972805081E-15 8.88178419700125E-15 1.33226762955019E-15
49 0 3.99680288865056E-15 3.5527136788005E-15 7.54951656745106E-15 7.105427357601E-15


1 1.3823629717532 NaN NaN NaN NaN
2 1.33665099367366 1.40990647918342 NaN NaN NaN
3 1.2584530660207 1.34929815737954 1.41375504439724 NaN NaN
4 1.12555765126847 1.3161792193819 1.38989711249332 1.41418336388057 NaN
5 0.971943066297923 1.32531340043508 1.40422575471481 1.41133727987198 1.41421324166703
6 0.855680319759506 1.36489039744072 1.38389790306377 1.39444737019832 1.41077255479463
7 0.795320010904131 1.37620756936945 1.31635541837081 1.34615105058683 1.40603744968612
8 0.572052624440977 1.39353914405612 1.29378741782422 1.3571549131115 1.41352514306488
9 0.515560931027397 1.33623701408616 1.3506684832662 1.38856614718577 1.38508721840146
10 0.48887278738484 1.29341518884966 1.37641599946252 1.40324538095953 1.33985113700472
11 0.470117883656875 1.24818142495103 1.3908679551159 1.3958015107458 1.33415676522979
12 0.0890437422154583 1.4079145728046 1.35362470778719 1.40001650109514 1.32138349592549
13 0.0706557138886672 1.40598708443069 1.34225176363941 1.36755542557336 1.28603069027234
14 0.061301193661521 1.40329070523624 1.31429458360323 1.32315116177101 1.35274700637174
15 0.124000119898481 1.3707195599922 1.40478656363082 1.28866225964267 1.36652346355569
16 0.11511554007408 1.31294420356254 1.36119156658957 1.40031360380401 1.37998881051239
17 0.232229558342197 0.356028724877668 0.655000597123739 1.37956774605123 1.36032453849311
18 0.0827804815076804 0.142245443216429 1.21210163363745 1.395593661965 1.23243424064634
19 0.0394343526568678 0.0842285928806892 1.20598803881847 1.37418111464173 1.30329087163977
20 0.00388130013183159 0.00472405130810621 0.134773357588602 1.34821934974815 1.38738498195103
21 0.0103560892213748 0.0177304491712105 0.10487962057549 1.32558867316993 1.41180480079308
22 0.0481671232240888 0.0258184918241151 1.03054908432324 1.16080587883416 0.865438432966512
23 0.0029376993010035 0.003876009860778 1.262520400746 1.31093982882114 0.654990030903737
24 0.000580668749855673 0.000832869165800424 0.438396002734668 0.431429815842478 0.229957306515113
25 8.22176014156003E-05 0.000240508432113986 0.0611449999524243 0.0400436484163214 1.39665642555223
26 0.000182654385333766 0.00200491557591397 1.37764038853346 1.38936300868118 0.846910619518766
27 4.93681113206034E-05 0.000140707181285834 0.0244244778445128 0.0533773596760389 0.473628670962299
28 1.88447002163619E-05 3.01314392915566E-05 0.0171362378006718 0.102605096733264 0.0223047848508973
29 8.61572427703196E-06 9.54995814731138E-06 0.0070444157136911 0.0260361552297447 0.0181132316709031
30 1.04986557312788E-05 2.91689200067151E-06 0.000471642424076494 0.00498632882697447 0.00348951852378211
31 4.6026634171517E-07 8.24974059744712E-06 0.000109711704964651 0.000319915241996257 0.00076771040688929
32 1.352738719143E-07 1.60199517367169E-06 0.00150601622566048 0.0334792051866561 0.0406640751781907
33 6.19777597487932E-08 2.4625495184583E-07 7.36172325053512E-05 8.4697164247806E-05 0.00367021913580504
34 2.41239005060981E-08 2.61885637043495E-08 4.86140363240695E-06 1.56317547000418E-05 0.000160547825718089
35 3.26711817545233E-08 4.09586823289125E-08 8.40529126970264E-06 8.25393699627986E-06 6.70849143462748E-05
36 2.47272713631464E-08 3.26950440301307E-08 1.05322208411652E-05 6.06789663157276E-05 7.5866344337043E-05
37 2.15889835903915E-08 1.08256271904344E-08 7.66562786340887E-07 2.85897884345628E-06 7.16916672149824E-06
38 2.25932437945428E-08 1.21531246685186E-08 1.81264370465037E-06 1.82198715657145E-06 3.52665485002636E-05
39 2.23451167046639E-08 8.42278860698738E-09 4.2678717397044E-08 8.15497528747914E-08 5.96460566730176E-05
40 2.19402774114476E-08 8.1389187013594E-09 1.20669479889374E-07 3.76436167750777E-07 6.22049484983456E-07
41 2.2242496615046E-08 7.22484056895473E-09 8.09767702974248E-09 1.30610643216488E-08 8.25353897739525E-08
42 2.29094259930448E-08 1.02346532861985E-08 1.85917378205298E-08 1.3674628021502E-08 3.46254233820699E-07
43 2.27064971073718E-08 1.18844127012359E-08 1.19190516567264E-08 1.53002681209455E-08 8.81546963857067E-09
44 2.27751331703001E-08 8.73196238320318E-09 9.2307695671225E-09 1.33760907735729E-08 9.97082545231331E-09
45 2.26270326916817E-08 1.10971759944676E-08 1.13213489789099E-08 1.43104105991306E-08 4.92813451187827E-09
46 2.2908098680194E-08 9.49883453734408E-09 8.7826964897695E-09 1.3237006481351E-08 6.30454204794842E-09
47 1.91980205165548E-08 8.23931877865902E-09 9.00897567255097E-09 1.52002788901981E-08 6.26656375421914E-09
48 2.17941550475075E-08 1.11557387287708E-08 1.07377989813611E-08 1.59270217630284E-08 9.29413667387734E-09
49 2.25611534879767E-08 7.68858169048617E-09 9.81835641465931E-09 1.35052047919574E-08 7.04646769492868E-09


1 0.458062269323468 NaN NaN NaN NaN
2 0.0608946726146441 1.38613975085243 NaN NaN NaN
3 0.00493248106800037 1.35416352619739 1.38773428865803 NaN NaN
4 0.000320989277899453 1.31694895248534 1.36281894226907 1.40274848223235 NaN
5 2.27008950028887E-05 1.27382767985785 1.30277594973127 1.39061753167698 1.4109253129833
6 1.94778869410374E-06 1.19807663008386 1.20082865500839 1.39433786644118 1.39679874134215
7 1.37982392717245E-07 1.00997903778536 1.26015482134168 1.40354181775393 1.37825351388011
8 1.07165503687941E-08 0.899926590725611 1.36142815458178 1.36781817954666 1.35129999262932
9 3.10619857013586E-09 0.143061883364163 1.34186304481199 1.36135335431807 1.32971915284959
10 3.82346439042273E-09 0.129751090460674 1.28813224558779 1.36146282811492 1.35632652971968
11 3.16097744246991E-09 0.121492584343983 1.2191584645516 1.3556172752042 1.3875681936146
12 2.77674446611484E-09 0.109973770306762 1.02335587532056 1.35849689583297 1.33208221390515
13 2.71419425764459E-09 0.185590412692549 1.00312857596005 1.34006019817982 1.31782755153433
14 3.06736899538014E-09 0.160451011179655 0.802670952843321 1.13235494192502 1.3663929383051
15 3.04009885774567E-09 0.128941971770821 0.565858512385567 0.847746394708962 1.32507204333021
16 2.74397604605778E-09 0.0725153938541455 0.115613352498761 0.663721322581309 1.29358173703856
17 5.22415112416076E-09 0.0389534831717125 0.0263307554947365 1.38369968781722 1.38948636377635
18 4.62430181699117E-09 0.0246091427101328 0.0168777880012463 1.37945521904352 1.39309170681139
19 2.43023659166536E-09 0.0489167750864439 0.229569288386667 0.179618134387939 0.368715627130862
20 4.88849290108455E-09 0.00276937668049364 0.0240677880519934 0.161557403812275 0.860050336286692
21 3.28953275489726E-09 0.00267774999009947 0.00217863715708773 0.528632827941208 0.929004964171079
22 4.18845845318002E-09 0.000644493906730653 0.00639534973377561 0.0392822150516636 0.171079894790252
23 3.02732485310893E-09 0.000861856213589671 0.000763210977203233 0.0879112686205597 1.07623978492068
24 3.90373215230582E-09 6.61828440534861E-05 0.000148628725834263 0.00748822677550122 0.245904659656018
25 5.32286362491847E-09 2.24357874505428E-05 8.5393300479248E-05 0.0053675365787339 0.0852358595031662
26 4.39662542904767E-09 0.000161627879279293 0.000226085882835799 0.0100044635802291 0.02739521413576
27 3.77251996811489E-09 7.37341439491593E-06 2.36105313876531E-05 0.000700677638954338 0.00977889909006572
28 3.49394437608386E-09 4.84833516818265E-06 1.03828159959895E-05 0.000543694237495617 0.00746150614525249
29 4.98292341705225E-09 3.74520422483161E-06 4.9888733457719E-06 0.000302966147383542 0.00748623872459174
30 3.74910988902669E-09 9.61172416339406E-07 9.15859568359614E-07 0.000190433228580409 0.00354440061572137
31 3.6541503941448E-09 9.89270788700038E-08 2.74897969694659E-07 1.91293563883261E-05 0.0251309499502597
32 5.19881106015794E-09 7.10722579200815E-08 6.54389683196249E-07 9.57892214553171E-06 0.000936620032017124
33 3.27857856067002E-09 1.3931888740287E-08 3.39312173984775E-07 5.52476093716311E-06 0.000354852502906864
34 5.2656841869929E-09 9.61247355640152E-09 1.73511806334155E-08 1.41489045768103E-06 6.92743431263763E-05
35 4.33594170278619E-09 1.23966396511741E-08 6.48593203367916E-09 2.86893741124046E-06 0.000214801380647348
36 3.56348361544586E-09 1.1608525175141E-08 1.89195134141535E-08 1.16120137426954E-07 6.31512540369703E-06
37 3.89542927378274E-09 1.18192904914411E-08 5.438661264387E-09 8.94179811269968E-08 3.30125342989707E-05
38 3.58705656037163E-09 9.7443501561559E-09 9.96901172618084E-09 3.09891786868831E-08 2.39528763219319E-06
39 6.78912156671215E-09 1.02971918758614E-08 1.39836862560001E-08 1.65235651332145E-08 1.0649862586532E-06
40 4.81494707859808E-09 9.61836199356908E-09 7.22351451175525E-09 4.24671092923593E-08 1.65782807041685E-06
41 2.71472280051188E-09 1.27766602772206E-08 1.01858223991076E-08 8.30920114406077E-09 9.60033680594696E-08
42 6.33977306114085E-09 1.05387544922963E-08 9.35670593169778E-09 4.32264115880821E-09 3.71350355409296E-08
43 4.45687263212504E-09 1.15509521426629E-08 5.56988569144105E-09 2.2235781253102E-09 3.73738117643135E-08
44 3.56964729261457E-09 9.96723900223946E-09 5.29874573010912E-09 1.02913899481797E-08 4.63811226130316E-08
45 4.40634685013817E-09 1.07417420725271E-08 1.29464385289034E-08 8.61313235129649E-09 4.41498243145093E-08
46 4.60937866853422E-09 1.14846555512148E-08 1.07484312522828E-08 1.00888211204557E-08 4.10504486415822E-08
47 4.64533499132246E-09 1.13200414542861E-08 8.29586738108979E-09 6.1775931140807E-09 3.76525838031758E-08
48 4.03835966544732E-09 1.23861401334531E-08 5.33246019357467E-09 5.09658299062312E-09 3.65915309119208E-08
49 3.86879405879593E-09 1.24038289154297E-08 4.69627608330518E-09 7.15762350781612E-09 3.6587479358714E-08
