1 0.959756619204351 0.59816775149997
2 0.0221215162484647 0.0919582905949771
3 0.000963306298213062 0.0207833098755627
4 2.78477015283052E-05 0.00333341616096906


1 0.868694299634898 0.404160631335572
2 0.026425070487071 0.0700703672001045
3 0.000428293910487376 0.00943418094049564
4 3.6570968706684E-06 0.000829064538581608
5 7.36342533613765E-08 0.000120799681201256
6 1.58673163497269E-09 1.75656892073249E-05
7 3.89288601354565E-12 8.64401328553859E-07
8 3.01980662698043E-14 7.53321928103994E-08
9 3.5527136788005E-15 8.32225945496005E-09


1 4.13581190303861 0.547448001194901
2 0.041304818602276 0.0541584074983427
3 0.000328153176623047 0.00485711364566809
4 3.16110215692333E-06 0.000487732388489194
5 4.25866435449507E-08 5.42062852735092E-05
6 4.88766360717818E-10 5.79651294266826E-06
7 6.13198380960966E-12 6.57797939247069E-07
8 8.88178419700125E-14 7.61535260801399E-08
9 1.24344978758018E-14 1.3702186630843E-08
10 5.32907051820075E-15 5.11781566951582E-09
11 1.77635683940025E-15 6.90624521041499E-09
12 1.77635683940025E-15 5.80065450870093E-09
13 0 4.7354020209459E-09
14 2.48689957516035E-14 5.43502022648084E-09
15 1.24344978758018E-14 5.07535304150289E-09
16 5.32907051820075E-15 5.14335767658159E-09
17 1.77635683940025E-15 7.4389676592262E-09
18 3.5527136788005E-15 5.82907527814978E-09
19 1.24344978758018E-14 4.97775485864907E-09
20 7.105427357601E-15 5.26170194974775E-09
21 1.06581410364015E-14 1.07654368720636E-08
22 1.77635683940025E-15 4.73934936521289E-09
23 1.24344978758018E-14 5.92906387182384E-09
24 5.32907051820075E-15 5.97661497733613E-09
25 7.105427357601E-15 7.65515982760625E-09
26 1.77635683940025E-14 6.61602997488516E-09
27 7.105427357601E-15 6.83668609870134E-09
28 8.88178419700125E-15 5.86594615033332E-09
29 1.59872115546023E-14 8.01751372159157E-09


1 4.8127670857868 0.444275303486046
2 0.0360844837097822 0.0379980552807428
3 0.00026780195183207 0.00332065368779075
4 1.60570386498193E-06 0.00025172837059639
5 8.55175841252276E-09 1.85014687116506E-05
6 4.65902871837898E-11 1.40375200137548E-06
7 3.83693077310454E-13 1.30861324881091E-07
8 3.19744231092045E-14 1.18477364017687E-08
9 1.77635683940025E-14 6.66288149130431E-09
10 1.77635683940025E-14 6.95317199362021E-09
11 1.4210854715202E-14 7.01694731123311E-09
12 1.4210854715202E-14 6.65039440422169E-09
13 1.4210854715202E-14 6.67554023790371E-09
14 1.06581410364015E-14 7.0903155453414E-09
15 3.5527136788005E-14 6.55483062902894E-09
16 2.1316282072803E-14 8.05729937404713E-09
17 1.77635683940025E-14 6.61959001223028E-09
18 2.1316282072803E-14 7.16987633384051E-09
19 1.77635683940025E-14 7.79502000238981E-09
20 2.8421709430404E-14 7.51955528013297E-09
21 2.48689957516035E-14 7.44536539725829E-09
22 3.5527136788005E-14 8.25524223760111E-09
23 2.8421709430404E-14 7.04499153888433E-09
24 1.06581410364015E-14 7.71643791853162E-09
25 2.1316282072803E-14 6.81681981307662E-09
26 1.4210854715202E-14 7.75223900748786E-09
27 7.105427357601E-14 8.24359759973861E-09
28 2.8421709430404E-14 7.353723854395E-09
29 2.8421709430404E-14 6.76597399916776E-09
30 7.105427357601E-15 6.56699709496376E-09


1 13.1565073831797 0.533300831429842
2 0.0565562058373459 0.0337785507017534
3 0.000216140609438753 0.00209817578568955
4 8.04414256094788E-07 0.000128354111284967
5 2.51207410428833E-09 7.10901978682275E-06
6 7.60280727263307E-12 3.95704730917934E-07
7 2.1316282072803E-14 2.07454329882055E-08
8 2.1316282072803E-14 3.4791701972697E-09
9 7.8159700933611E-14 3.43061104457859E-09
10 1.4210854715202E-14 3.86498719551581E-09
11 4.9737991503207E-14 3.41783312741625E-09
12 7.105427357601E-15 3.43187337841161E-09
13 7.105427357601E-15 3.85974613259059E-09
14 7.105427357601E-14 3.5443571305665E-09
15 4.9737991503207E-14 3.67751508637825E-09
16 3.5527136788005E-14 3.57987859854666E-09
17 7.105427357601E-14 3.38044198708296E-09
18 4.9737991503207E-14 3.42076114592929E-09
19 2.1316282072803E-14 4.64945359077443E-09
20 4.2632564145606E-14 3.48644686552011E-09
21 4.2632564145606E-14 3.51024845931243E-09
22 8.5265128291212E-14 4.00645734526455E-09
23 1.4210854715202E-14 3.74836975828424E-09
24 6.3948846218409E-14 3.66639360013559E-09
25 4.2632564145606E-14 4.98282094410223E-09
26 7.8159700933611E-14 3.99916106986739E-09
27 3.5527136788005E-14 4.43402380274412E-09
28 1.56319401867222E-13 4.15242865741181E-09
29 2.1316282072803E-14 3.73290436459333E-09
30 1.4210854715202E-14 3.77284267564419E-09


1 18.3223211301693 0.513403757104864
2 0.0611010911806602 0.0287717586305912
3 0.000122746187102507 0.00128586315382635
4 1.80619522893721E-07 4.92382156482789E-05
5 4.8893866733124E-10 2.5629290060767E-06
6 1.32160948851379E-12 1.19276737601708E-07
7 2.27373675443232E-13 6.68477451244085E-09
8 1.27897692436818E-13 5.41170671573315E-09
9 1.56319401867222E-13 5.33197417807354E-09
10 5.6843418860808E-14 5.96567252729134E-09
11 1.27897692436818E-13 5.34424319113335E-09
12 1.98951966012828E-13 5.80318271721544E-09
13 2.27373675443232E-13 5.32939084934154E-09
14 8.5265128291212E-14 5.33791011812866E-09
15 8.5265128291212E-14 5.3498120445372E-09
16 1.4210854715202E-13 6.42715177042533E-09
17 2.55795384873636E-13 5.31556084104996E-09
18 2.41584530158434E-13 5.43110715593747E-09
19 1.56319401867222E-13 5.51377066379674E-09
20 1.84741111297626E-13 6.57486865168901E-09
21 2.55795384873636E-13 5.36528739610937E-09
22 9.9475983006414E-14 5.33166812558947E-09
23 2.70006239588838E-13 5.47590128866752E-09
24 0 6.02277420708357E-09
25 9.9475983006414E-14 5.35073584145092E-09
26 2.1316282072803E-13 5.57513107604888E-09
27 1.56319401867222E-13 5.36826930018672E-09
28 1.27897692436818E-13 5.35581605228505E-09
29 2.8421709430404E-14 5.53455053739939E-09
30 1.98951966012828E-13 5.32744368174327E-09


1 30.089847891439 0.506702825385076
2 0.053300858700041 0.0206807725919539
3 6.24116570122624E-05 0.000706115103808409
4 7.43759898114149E-08 2.44534908065357E-05
5 1.33042021843721E-10 1.03396962519012E-06
6 1.84741111297626E-13 3.78678362724931E-08
7 4.2632564145606E-14 7.47468488258869E-09
8 2.8421709430404E-14 7.32761122699961E-09
9 7.105427357601E-14 7.63108952117865E-09
10 1.70530256582424E-13 7.33435745858841E-09
11 2.8421709430404E-14 7.52699520769965E-09
12 1.84741111297626E-13 7.4972465058104E-09
13 0 7.74057442782224E-09
14 0 7.89892711370203E-09
15 0 7.37754974469267E-09
16 4.2632564145606E-14 7.27467366102469E-09
17 0 7.35183130985322E-09
18 7.105427357601E-14 7.3378804790654E-09
19 5.6843418860808E-14 7.73584882036702E-09
20 4.2632564145606E-14 8.21104570173724E-09
21 1.4210854715202E-13 7.8429556018685E-09
22 8.5265128291212E-14 8.79980810619445E-09
23 8.5265128291212E-14 7.38373057976502E-09
24 9.9475983006414E-14 7.34944495033979E-09
25 2.8421709430404E-14 7.66345564888256E-09
26 1.98951966012828E-13 7.57366564873664E-09
27 9.9475983006414E-14 8.60690462519018E-09
28 4.2632564145606E-14 7.34952098257524E-09
29 2.8421709430404E-14 7.67652129358954E-09
30 2.8421709430404E-14 7.55286107155535E-09


