
Problem B:
Size of Q.transpose(): 11x11, size of b: 11
Size of Q.transpose(): 11x11, size of b: 11
Size of Q.transpose(): 11x11, size of b: 11
Size of Q.transpose(): 11x11, size of b: 11
Size of Q.transpose(): 11x11, size of b: 11
Size of Q.transpose(): 11x11, size of b: 11
Size of Q.transpose(): 11x11, size of b: 11
Size of Q.transpose(): 11x11, size of b: 11
Size of Q.transpose(): 11x11, size of b: 11
Size of Q.transpose(): 11x11, size of b: 11
Size of Q.transpose(): 11x11, size of b: 11
Random Matrix A: 
    9.057     8.022     3.622     8.539     3.728     9.874     4.594     9.466     0.434     4.227     6.044 
    4.189     2.819     9.528     9.869     4.480     4.803     8.611     3.390     8.922     0.533     2.146 
    5.619     2.387     9.521     8.510     8.068     8.026     8.850     9.810     1.857     6.788     1.599 
    9.186     3.451     0.003     8.351     8.687     1.848     9.719     1.420     2.703     5.231     3.787 
    0.673     8.537     6.841     9.236     1.768     7.150     3.717     3.434     4.732     3.148     0.217 
    6.911     2.403     1.235     9.018     5.219     1.806     6.567     0.616     0.624     2.370     9.255 
    2.590     3.633     6.076     9.867     6.128     6.116     6.763     3.671     7.502     7.830     6.915 
    1.832     1.714     0.984     1.669     8.832     6.258     1.700     6.093     8.423     2.057     8.451 
    8.969     6.540     7.600     7.116     9.669     6.629     7.913     4.853     2.087     4.607     1.417 
    1.417     5.947     3.208     3.159     1.902     1.021     7.601     6.671     1.061     5.646     2.387 
    9.997     0.571     9.522     8.034     3.550     2.974     0.309     8.916     4.531     3.947     7.199 
Inverse of A: 
    0.094     0.050    -0.093     0.028    -0.117    -0.083     0.060    -0.054     0.067    -0.024     0.024 
   -0.024    -0.035    -0.079    -0.013     0.088     0.022    -0.049     0.023     0.069     0.068     0.009 
   -0.036     0.023    -0.026    -0.133    -0.048     0.037     0.050    -0.037     0.125     0.020     0.016 
   -0.079    -0.057     0.112     0.111     0.198     0.072    -0.125     0.021    -0.157    -0.050     0.044 
   -0.139    -0.093     0.085     0.044     0.134     0.074    -0.128     0.094     0.018    -0.021     0.020 
    0.143     0.052    -0.012    -0.073    -0.122    -0.054     0.132    -0.035     0.044    -0.085    -0.088 
    0.062     0.104    -0.012    -0.034    -0.131    -0.002     0.048    -0.037     0.015     0.052    -0.078 
   -0.026    -0.022     0.096     0.068     0.089    -0.002    -0.150     0.066    -0.128     0.050     0.046 
    0.026     0.068    -0.077     0.060    -0.030    -0.109     0.051     0.019    -0.023     0.003     0.017 
    0.021    -0.064    -0.032     0.018    -0.064    -0.091     0.176    -0.062     0.031     0.007     0.012 
    0.018     0.006    -0.046    -0.107    -0.068     0.091     0.056     0.010     0.041     0.033    -0.011 
A*A^(-1): 
    1.000     0.000     0.000     0.000     0.000     0.000     0.000     0.000     0.000     0.000     0.000 
    0.000     1.000     0.000     0.000     0.000     0.000     0.000     0.000     0.000     0.000     0.000 
    0.000     0.000     1.000     0.000     0.000     0.000     0.000     0.000     0.000     0.000     0.000 
    0.000     0.000     0.000     1.000     0.000     0.000     0.000     0.000     0.000     0.000     0.000 
    0.000     0.000     0.000     0.000     1.000     0.000     0.000     0.000     0.000     0.000     0.000 
    0.000     0.000     0.000     0.000     0.000     1.000     0.000     0.000     0.000     0.000     0.000 
    0.000     0.000     0.000     0.000     0.000     0.000     1.000     0.000     0.000     0.000     0.000 
    0.000     0.000     0.000     0.000     0.000     0.000     0.000     1.000     0.000     0.000     0.000 
    0.000     0.000     0.000     0.000     0.000     0.000     0.000     0.000     1.000     0.000     0.000 
    0.000     0.000     0.000     0.000     0.000     0.000     0.000     0.000     0.000     1.000     0.000 
    0.000     0.000     0.000     0.000     0.000     0.000     0.000     0.000     0.000     0.000     1.000 
