0.0000000000000000 142.4040806082490000
0.1000000000000000 139.9843613129630000
0.2000000000000000 137.6057577037090000
0.3000000000000000 135.2675711458800000
0.4000000000000000 132.9691148760170000
0.5000000000000000 130.7097138000900000
0.6000000000000000 128.4887042952180000
0.7000000000000000 126.3054340147500000
0.8000000000000000 124.1592616966560000
0.9000000000000000 122.0495569751860000
1.0000000000000000 119.9757001957130000
1.1000000000000000 117.9370822327370000
1.2000000000000000 115.9331043109710000
1.3000000000000000 113.9631778294720000
1.4000000000000000 112.0267241887600000
1.5000000000000000 110.1231746208730000
1.6000000000000000 108.2519700223090000
1.7000000000000000 106.4125607898150000
1.8000000000000000 104.6044066589490000
1.9000000000000000 102.8269765454050000
2.0000000000000000 101.0797483890200000
2.1000000000000000 99.3622090004374000
2.2000000000000000 97.6738539103748000
2.3000000000000000 96.0141872214540000
2.4000000000000000 94.3827214625471000
2.5000000000000000 92.7789774455985000
2.6000000000000000 91.2024841248794000
2.7000000000000000 89.6527784586345000
2.8000000000000000 88.1294052730784000
2.9000000000000000 86.6319171287041000
3.0000000000000000 85.1598741888628000
3.1000000000000000 83.7128440905764000
3.2000000000000000 82.2904018175456000
3.3000000000000000 80.8921295753158000
3.4000000000000000 79.5176166685638000
3.5000000000000000 78.1664593804703000
3.6000000000000000 76.8382608541412000
3.7000000000000000 75.5326309760446000
3.8000000000000000 74.2491862614282000
3.9000000000000000 72.9875497416832000
4.0000000000000000 71.7473508536228000
4.1000000000000000 70.5282253306416000
4.2000000000000000 69.3298150957248000
4.3000000000000000 68.1517681562747000
4.4000000000000000 66.9937385007252000
4.5000000000000000 65.8553859969124000
4.6000000000000000 64.7363762921721000
4.7000000000000000 63.6363807151352000
4.8000000000000000 62.5550761791915000
4.9000000000000000 61.4921450875939000
5.0000000000000000 60.4472752401748000
5.1000000000000000 59.4201597416485000
5.2000000000000000 58.4104969114702000
5.3000000000000000 57.4179901952283000
5.4000000000000000 56.4423480775410000
5.5000000000000000 55.4832839964336000
5.6000000000000000 54.5405162591709000
5.7000000000000000 53.6137679595190000
5.8000000000000000 52.7027668964137000
5.9000000000000000 51.8072454940106000
5.9999999999999900 50.9269407230936000
6.0999999999999900 50.0615940238191000
6.1999999999999900 49.2109512297727000
6.2999999999999900 48.3747624933161000
6.3999999999999900 47.5527822122034000
6.4999999999999900 46.7447689574431000
6.5999999999999900 45.9504854023870000
6.6999999999999900 45.1696982530230000
6.7999999999999900 44.4021781794531000
6.8999999999999900 43.6476997485356000
6.9999999999999900 42.9060413576715000
7.0999999999999900 42.1769851697164000
7.1999999999999900 41.4603170489979000
7.2999999999999900 40.7558264984207000
7.3999999999999900 40.0633065976401000
7.4999999999999900 39.3825539422864000
7.5999999999999900 38.7133685842210000
7.6999999999999900 38.0555539728092000
7.7999999999999900 37.4089168971896000
7.8999999999999900 36.7732674295251000
7.9999999999999900 36.1484188692179000
8.0999999999999900 35.5341876880724000
8.1999999999999900 34.9303934763905000
8.2999999999999900 34.3368588899816000
8.3999999999999900 33.7534095980742000
8.4999999999999900 33.1798742321120000
8.5999999999999900 32.6160843354202000
8.6999999999999900 32.0618743137270000
8.7999999999999800 31.5170813865258000
8.8999999999999800 30.9815455392639000
8.9999999999999800 30.4551094763440000
9.0999999999999800 29.9376185749231000
9.1999999999999800 29.4289208394984000
9.2999999999999800 28.9288668572626000
9.3999999999999800 28.4373097542197000
9.4999999999999800 27.9541051520453000
9.5999999999999800 27.4791111256807000
9.6999999999999800 27.0121881616468000
9.7999999999999800 26.5531991170670000
9.8999999999999800 26.1020091793861000
9.9999999999999800 25.6584858267734000
10.1000000000000000 25.2224987891992000
10.2000000000000000 24.7939200101721000
10.3000000000000000 24.3726236091270000
10.4000000000000000 23.9584858444516000
10.5000000000000000 23.5513850771418000
10.6000000000000000 23.1512017350742000
10.7000000000000000 22.7578182778857000
10.8000000000000000 22.3711191624502000
10.9000000000000000 21.9909908089415000
11.0000000000000000 21.6173215674733000
11.1000000000000000 21.2500016853056000
11.2000000000000000 20.8889232746086000
11.3000000000000000 20.5339802807742000
11.4000000000000000 20.1850684512663000
11.5000000000000000 19.8420853049998000
11.6000000000000000 19.5049301022406000
11.7000000000000000 19.1735038150161000
11.8000000000000000 18.8477090980300000
11.9000000000000000 18.5274502600694000
12.0000000000000000 18.2126332358994000
12.1000000000000000 17.9031655586345000
12.2000000000000000 17.5989563325794000
12.3000000000000000 17.2999162065314000
12.4000000000000000 17.0059573475368000
12.5000000000000000 16.7169934150926000
12.6000000000000000 16.4329395357874000
12.7000000000000000 16.1537122783719000
12.8000000000000000 15.8792296292545000
12.9000000000000000 15.6094109684123000
13.0000000000000000 15.3441770457115000
13.1000000000000000 15.0834499576308000
13.2000000000000000 14.8271531243795000
13.3000000000000000 14.5752112674047000
13.4000000000000000 14.3275503872813000
13.5000000000000000 14.0840977419764000
13.6000000000000000 13.8447818254844000
13.7000000000000000 13.6095323468244000
13.8000000000000000 13.3782802093942000
13.9000000000000000 13.1509574906761000
14.0000000000000000 12.9274974222865000
14.1000000000000000 12.7078343703651000
14.2000000000000000 12.4919038162972000
14.3000000000000000 12.2796423377634000
14.4000000000000000 12.0709875901116000
14.5000000000000000 11.8658782880453000
14.6000000000000000 11.6642541876230000
14.7000000000000000 11.4660560685638000
14.8000000000000000 11.2712257168531000
14.9000000000000000 11.0797059076447000
15.0000000000000000 10.8914403884523000
15.1000000000000000 10.7063738626278000
15.2000000000000000 10.5244519731195000
15.3000000000000000 10.3456212865065000
15.4000000000000000 10.1698292773045000
15.5000000000000000 9.9970243125383600
15.6000000000000000 9.8271556365764700
15.7000000000000000 9.6601733562230000
15.8000000000000000 9.4960284260635400
15.9000000000000000 9.3346726340596300
16.0000000000000000 9.1760585873880900
16.1000000000000000 9.0201396985209900
16.2000000000000000 8.8668701715421100
16.3000000000000000 8.7162049886959700
16.4000000000000000 8.5680998971653500
16.5000000000000000 8.4225113960735500
16.6000000000000000 8.2793967237074300
16.7000000000000000 8.1387138449576500
16.8000000000000000 8.0004214389722200
16.9000000000000000 7.8644788870199500
17.0000000000000000 7.7308462605600000
17.1000000000000000 7.5994843095143000
17.2000000000000000 7.4703544507390900
17.3000000000000000 7.3434187566924600
17.4000000000000000 7.2186399442943900
17.5000000000000000 7.0959813639761400
17.6000000000000000 6.9754069889156400
17.7000000000000000 6.8568814044558400
17.8000000000000000 6.7403697977028300
17.9000000000000000 6.6258379473007800
18.0000000000000000 6.5132522133804900
18.1000000000000000 6.4025795276788900
18.2000000000000000 6.2937873838262900
18.3000000000000000 6.1868438277987800
18.4000000000000000 6.0817174485327900
18.5000000000000000 5.9783773686991500
18.6000000000000000 5.8767932356338900
18.7000000000000000 5.7769352124232300
18.8000000000000000 5.6787739691399400
18.9000000000000000 5.5822806742286900
19.0000000000000000 5.4874269860377300
19.1000000000000000 5.3941850444945200
19.2000000000000000 5.3025274629227100
19.3000000000000000 5.2124273199983300
19.4000000000000000 5.1238581518424300
19.5000000000000000 5.0367939442483400
19.6000000000000000 4.9512091250407600
19.7000000000000000 4.8670785565648700
19.8000000000000000 4.7843775283029600
19.9000000000000000 4.7030817496165600
