1000 0.0687750313639699 0.0117386411091172
1490 0.0575570878848277 0.0706691005098219
1980 0.0501990308733422 0.0431821372113173
2470 0.0447804525664073 0.053834324066655
2960 0.0403811223092506 0.010983849026303
3450 0.0376705844640839 0.0208308378023205
3940 0.0353310072974899 0.00280580494233629
4430 0.0333050500996861 0.0193083239712299
4920 0.0314249901521253 0.00841380436877381
5410 0.0299195328817175 0.0139059463599858
5900 0.0290213387659131 0.00692354346697455
6390 0.0277375592193641 0.0415803461933741
6880 0.0268286785542799 0.0212505669605565
7370 0.026011716917877 0.00242801540758641
7860 0.0249273075869521 0.0182669814663701
8350 0.0242237260927774 0.031146579243936
8840 0.0236520143510498 0.0145635351115643
9330 0.0230039318767178 0.00486518645690204
9820 0.0224238330176195 0.00179110594073872
10310 0.0219062745640789 0.00336242584111668
10800 0.0213937889877709 0.0283040449210796
11290 0.0208767887774624 0.00905050822112186
11780 0.0204902504287554 0.0127984255482301
12270 0.0200763759482177 0.0262492233640583
12760 0.0196121497116886 0.00367820905590088
13250 0.0192579555285072 0.0102142668148959
13740 0.0190075123843424 0.0350960895413195
14230 0.0185716134888416 0.0155358282757048
14720 0.0182660042467816 0.0145814654360343
15210 0.0180498776001289 0.00256094289768738
15700 0.0177692845209406 0.0188913985925421
16190 0.017462914580535 0.0154343818973692
16680 0.0171944341302342 0.0314082676018455
17170 0.0169631395603287 0.00311617380243367
17660 0.016733814561904 0.0352931178401605
18150 0.0165299421078297 0.00863656072374619
18640 0.0162793511058945 0.0162973090696883
19130 0.016036358517432 0.00750819841693096
19620 0.0159506579341593 0.00612415372272812
20110 0.0156532377947945 0.00468602379902761
20600 0.0154833944183863 0.019212954554924
21090 0.0153000126833264 0.00861447263149451
21580 0.0151079132730277 0.000438467927041497
22070 0.0150001681007057 0.0230676459442143
22560 0.0147755904016834 0.000948735978287374
23050 0.0146964166590074 0.00710157838028147
23540 0.0145053751929285 0.0123574330403708
24030 0.0143431905808927 0.00814007530201266
24520 0.0141920568728848 0.0125764084191538
25010 0.0140844686373399 0.016885558885825
25500 0.0139040853615778 0.00141884449316532
25990 0.0138292274460982 0.0201756898417447
26480 0.013638521666885 0.00084644940675993
26970 0.0135086318367818 0.0222281727527656
27460 0.0134059634621325 0.0150339453813855
27950 0.0132419768919271 0.0157457486594534
28440 0.0131474382139787 0.00881508741808901
28930 0.0130707614576395 0.00186398393291221
29420 0.0129980127354038 0.0071858870975281
29910 0.0128489743268201 0.00166075199436655
30400 0.0127489033737998 0.00378984326558207
30890 0.0126277006089591 0.00986624168739114
31380 0.0125413634267126 0.000898394153665549
31870 0.0124580121013978 0.00911351056237386
32360 0.0123682382193042 0.00199843595640736
32850 0.0122656950680885 0.00605429056144402
33340 0.0121726652114131 0.00956109734391886
33830 0.012073697175373 0.000929618471287252
34320 0.012009140599271 0.0193963569299171
34810 0.0118588572897853 0.0148052191019379
35300 0.0117889356020648 0.00685285593460438
35790 0.0117509943102631 0.00494688044674607
36280 0.0116568187567386 0.00160330533838771
36770 0.0115789412056399 0.000440813254594996
37260 0.011483850582322 0.0169116074445035
37750 0.0114289806215831 0.00516394160529066
38240 0.01139724511097 0.00199819152636183
38730 0.0112720533688506 0.0150269769864355
39220 0.0112089288601379 0.00954299792462132
39710 0.0111520705678772 0.0123261317376091
40200 0.0110868717252358 0.000873069878223554
40690 0.0110257719732985 0.0254787930314171
41180 0.0109562685157894 0.0113469583325312
41670 0.0108931680973964 0.0128747529631639
42160 0.0108121253894206 0.00218113500356143
42650 0.0107719642778554 0.011610050674959
43140 0.0107210730538483 0.00925904937637823
43630 0.0106544355223696 0.024582013209733
44120 0.0105585689635659 0.00519626664101169
44610 0.0105266282064298 0.0186535432097039
45100 0.0104786433796837 0.00560184344804071
45590 0.0104135628144812 0.00682213028126588
46080 0.0103735351480788 0.0127788598970815
46570 0.0103154758287199 0.00748091800978656
47060 0.0102203687067551 0.00261214301808321
47550 0.0101655342454454 0.0131043314510562
48040 0.0101308701398893 0.00718458288104573
48530 0.0100696120848235 0.00206546603786206
49020 0.0100389962930199 0.00434094037800259
49510 0.0099980818061358 0.00517789606962982
50000 0.00992241467816043 0.0106098386950109
