0.0000000000000000 NaN
0.0312500000000000 8.0078343390693900
0.0625000000000000 4.0156238535843500
0.0937500000000000 2.6901022168978500
0.1250000000000000 2.0312489412787600
0.1562500000000000 1.6390621599146400
0.1875000000000000 1.3802078493341800
0.2187500000000000 1.1975421316351500
0.2500000000000000 1.0624970311232700
0.2812500000000000 0.9592011656583340
0.3125000000000000 0.8781403063707930
0.3437500000000000 0.8132169821789730
0.3750000000000000 0.7603851314023650
0.4062500000000000 0.7169354092280400
0.4375000000000000 0.6807999824802970
0.4687500000000000 0.6505203731181410
0.5000000000000000 0.6250919803455730
0.5312500000000000 0.6034021914628280
0.5625000000000000 0.5850716627883030
0.5937500000000000 0.5694928398420460
0.6250000000000000 0.5562529567493800
0.6562500000000000 0.5450148133682730
0.6875000000000000 0.5355113511350050
0.7187500000000000 0.5275211745131010
0.7500000000000000 0.5208316973724830
0.7812500000000000 0.5153100238316140
0.8125000000000000 0.5108141060597440
0.8437500000000000 0.5072160428105920
0.8750000000000000 0.5047200549207830
0.9062500000000000 0.5024250948206800
0.9375000000000000 0.5010419075812890
0.9687500000000000 0.5002520768387650
1.0000000000000000 0.4999985076305780
1.0312500000000000 0.5002367596408020
1.0625000000000000 0.5009224104998870
1.0937500000000000 0.5020120964052940
1.1250000000000000 0.5034723084606340
1.1562500000000000 0.5052788268529280
1.1875000000000000 0.5074014494183550
1.2187500000000000 0.5098135510506700
1.2500000000000000 0.5124980554998570
1.2812500000000000 0.5154327342458060
1.3125000000000000 0.5185997076880330
1.3437500000000000 0.5219827605031380
1.3750000000000000 0.5255739095628230
1.4062500000000000 0.5293470988576200
1.4375000000000000 0.5333357220651570
1.4687500000000000 0.5374454167752880
1.5000000000000000 0.5416606764124860
1.5312500000000000 0.5460721303629960
1.5625000000000000 0.5506197173426220
1.5937500000000000 0.5552954129817630
1.6250000000000000 0.5600918097196800
1.6562500000000000 0.5650020592779000
1.6875000000000000 0.5700173755717620
1.7187500000000000 0.5751394480774170
1.7500000000000000 0.5803543788829360
1.7812500000000000 0.5856604508693580
1.8125000000000000 0.5910529522047730
1.8437500000000000 0.5965033168089060
1.8750000000000000 0.6020539666012400
1.9062500000000000 0.6076786938163300
1.9375000000000000 0.6133769398420620
1.9687500000000000 0.6191709044579710
2.0000000000000000 0.6249991329572130
2.0312500000000000 0.6308884023320540
2.0625000000000000 0.6368359382554080
2.0937500000000000 0.6428391320169220
2.1250000000000000 0.6488969832971980
2.1562500000000000 0.6550043567497420
2.1875000000000000 0.6611604129500210
2.2187500000000000 0.6673630968248110
2.2500000000000000 0.6736104675939550
2.2812500000000000 0.6799006908951770
2.3125000000000000 0.6862320315554560
2.3437500000000000 0.6926028469479750
2.3750000000000000 0.6990115808799830
2.4062500000000000 0.7054567579625670
2.4375000000000000 0.7119369784183660
2.4687500000000000 0.7184509132877050
2.5000000000000000 0.7249667032790840
2.5312500000000000 0.7315437552770350
2.5625000000000000 0.7381826862836480
2.5937500000000000 0.7448194572324590
2.6250000000000000 0.7514842159769490
2.6562500000000000 0.7581801405825160
2.6875000000000000 0.7648981352937750
2.7187500000000000 0.7716412883638010
2.7500000000000000 0.7784087423475850
2.7812500000000000 0.7851996782698110
2.8125000000000000 0.7920133134939130
2.8437500000000000 0.7988488997314530
2.8750000000000000 0.8057057211810300
2.9062500000000000 0.8125830927869360
2.9375000000000000 0.8194803586085970
2.9687500000000000 0.8263968902926130
3.0000000000000000 0.8333320856399130
