Dt
-4.5 0.0470588235294118 0.0470588235294118 0.0470588235294118
-4.45 0.0484794672586015 0.0484794672586015 0.0480120346604524
-4.4 0.0499001109877913 0.0499001109877913 0.0489722748531193
-4.35 0.0513207547169811 0.0513207547169811 0.0499465731690389
-4.3 0.0527413984461709 0.0527413984461709 0.0509419586698373
-4.25 0.0541620421753607 0.0541620421753607 0.051965460417141
-4.2 0.0555826859045505 0.0555826859045505 0.0530241074725762
-4.15 0.0570033296337403 0.0570033296337402 0.0541249288977692
-4.1 0.05842397336293 0.05842397336293 0.0552749537543463
-4.05 0.0598446170921198 0.0598446170921198 0.0564812111039338
-4 0.0612652608213096 0.0612652608213096 0.0577507300081581
-3.95 0.0626859045504994 0.0626859045504994 0.0590905395286454
-3.9 0.0641065482796892 0.0641065482796892 0.060507668727022
-3.85 0.065527192008879 0.065527192008879 0.0620091466649143
-3.8 0.0669478357380687 0.0669478357380687 0.0636020024039485
-3.75 0.0683684794672585 0.0683684794672585 0.0652932650057509
-3.7 0.0697891231964483 0.0697891231964483 0.0670899635319479
-3.65 0.0712097669256381 0.0712097669256381 0.0689991270441658
-3.6 0.0726304106548279 0.0726304106548279 0.0710277846040307
-3.55 0.0740510543840177 0.0740510543840177 0.0731829652731692
-3.5 0.0754716981132074 0.0754716981132074 0.0754716981132074
-3.45 0.0785946649316849 0.0769774579968616 0.0778982389318685
-3.4 0.0817176317501624 0.0786534501894445 0.0804557505212636
-3.35 0.08484059856864 0.0804996746909562 0.0831346224196003
-3.3 0.0879635653871175 0.0825161315013967 0.0859252441650864
-3.25 0.091086532205595 0.084702820620766 0.0888180052959299
-3.2 0.0942094990240726 0.087059742049064 0.0918032953503384
-3.15 0.0973324658425501 0.0895868957862908 0.0948715038665197
-3.10000000000001 0.100455432661028 0.0922842818324464 0.0980130203826817
-3.05000000000001 0.103578399479505 0.0951519001875308 0.101218234437032
-3.00000000000001 0.106701366297983 0.0981897508515439 0.104477535567779
-2.95000000000001 0.10982433311646 0.101397833824486 0.10778131331313
-2.90000000000001 0.112947299934938 0.104776149106357 0.111119957211293
-2.85000000000001 0.116070266753415 0.108324696697156 0.114483856800475
-2.80000000000001 0.119193233571893 0.112043476596884 0.117863401618885
-2.75000000000001 0.12231620039037 0.115932488805541 0.12124898120473
-2.70000000000001 0.125439167208848 0.119991733323127 0.124630985096218
-2.65000000000001 0.128562134027326 0.124221210149642 0.127999802831557
-2.60000000000001 0.131685100845803 0.128620919285085 0.131345823948955
-2.55000000000001 0.134808067664281 0.133190860729457 0.13465943798662
-2.50000000000001 0.137931034482758 0.137931034482758 0.137931034482758
-2.45000000000001 0.146419098143235 0.142939463078159 0.14116699711785
-2.40000000000001 0.154907161803712 0.148314169048831 0.144437686141457
-2.35000000000001 0.16339522546419 0.154055152394774 0.147829455945412
-2.30000000000001 0.171883289124667 0.160162413115989 0.151428660921549
-2.25000000000001 0.180371352785145 0.166635951212474 0.1553216554617
-2.20000000000001 0.188859416445622 0.173475766684231 0.1595947939577
-2.15000000000001 0.197347480106099 0.180681859531259 0.16433443080138
-2.10000000000001 0.205835543766577 0.188254229753559 0.169626920384575
-2.05000000000001 0.214323607427054 0.196192877351129 0.175558617099118
-2.00000000000001 0.222811671087532 0.204497802323971 0.182215875336841
-1.95000000000001 0.231299734748009 0.213169004672084 0.189685049489578
-1.90000000000001 0.239787798408487 0.222206484395468 0.198052493949161
-1.85000000000001 0.248275862068964 0.231610241494124 0.207404563107425
-1.80000000000001 0.256763925729442 0.24138027596805 0.217827611356203
-1.75000000000001 0.265251989389919 0.251516587817248 0.229407993087327
-1.70000000000001 0.273740053050396 0.262019177041717 0.24223206269263
-1.65000000000001 0.282228116710874 0.272888043641458 0.256386174563947
-1.60000000000001 0.290716180371351 0.284123187616469 0.271956683093109
-1.55000000000001 0.299204244031829 0.295724608966752 0.28902994267195
-1.50000000000001 0.307692307692306 0.307692307692306 0.307692307692304
-1.45000000000001 0.332307692307688 0.320466372465605 0.327986677856724
-1.40000000000001 0.356923076923073 0.334486891959123 0.349782134110642
-1.35000000000001 0.381538461538458 0.349753866172862 0.372904302710212
-1.30000000000001 0.406153846153842 0.366267295106819 0.397178809911587
-1.25000000000001 0.430769230769227 0.384027178760996 0.42243128197092
-1.20000000000001 0.455384615384611 0.403033517135393 0.448487345144365
-1.15000000000001 0.479999999999996 0.423286310230009 0.475172625688073
-1.10000000000001 0.504615384615381 0.444785558044845 0.502312749858199
-1.05000000000001 0.529230769230765 0.4675312605799 0.529733343910895
-1.00000000000001 0.55384615384615 0.491523417835175 0.557260034102315
-0.950000000000008 0.578461538461535 0.516762029810669 0.584718446688612
-0.900000000000008 0.603076923076919 0.543247096506383 0.611934207925938
-0.850000000000008 0.627692307692304 0.570978617922316 0.638732944070448
-0.800000000000008 0.652307692307688 0.599956594058469 0.664940281378293
-0.750000000000008 0.676923076923073 0.630181024914841 0.690381846105628
-0.700000000000008 0.701538461538458 0.661651910491432 0.714883264508605
-0.650000000000008 0.726153846153842 0.694369250788244 0.738270162843377
-0.600000000000008 0.750769230769227 0.728333045805274 0.760368167366098
-0.550000000000008 0.775384615384612 0.763543295542525 0.78100290433292
-0.500000000000008 0.799999999999996 0.799999999999994 0.799999999999997
-0.450000000000008 0.8 0.835225935226696 0.817214142914123
-0.400000000000008 0.8 0.866743877271639 0.832616270784657
-0.350000000000008 0.8 0.894553826134824 0.846206383611599
-0.300000000000008 0.8 0.918655781816252 0.857984481394949
-0.250000000000008 0.8 0.939049744315921 0.867950564134706
-0.200000000000008 0.8 0.955735713633832 0.876104631830871
-0.150000000000008 0.8 0.968713689769986 0.882446684483444
-0.100000000000008 0.8 0.977983672724381 0.886976722092425
-0.0500000000000076 0.8 0.983545662497019 0.889694744657813
-7.61890550649014E-15 0.8 0.985399659087898 0.89060075217961
0.0499999999999924 0.8 0.98354566249702 0.889694744657814
0.0999999999999924 0.8 0.977983672724383 0.886976722092426
0.149999999999992 0.8 0.968713689769989 0.882446684483446
0.199999999999992 0.8 0.955735713633837 0.876104631830873
0.249999999999992 0.8 0.939049744315926 0.867950564134708
0.299999999999992 0.8 0.918655781816258 0.857984481394952
0.349999999999992 0.8 0.894553826134832 0.846206383611603
0.399999999999992 0.8 0.866743877271648 0.832616270784662
0.449999999999992 0.8 0.835225935226706 0.817214142914128
0.499999999999992 0.8 0.800000000000006 0.800000000000003
0.549999999999992 0.775384615384619 0.763543295542536 0.781002904332926
0.599999999999992 0.750769230769235 0.728333045805285 0.760368167366104
0.649999999999992 0.72615384615385 0.694369250788254 0.738270162843384
0.699999999999993 0.701538461538465 0.661651910491442 0.714883264508612
0.749999999999993 0.676923076923081 0.63018102491485 0.690381846105635
0.799999999999993 0.652307692307696 0.599956594058478 0.664940281378301
0.849999999999993 0.627692307692311 0.570978617922325 0.638732944070456
0.899999999999993 0.603076923076927 0.543247096506391 0.611934207925947
0.949999999999993 0.578461538461542 0.516762029810677 0.58471844668862
0.999999999999993 0.553846153846157 0.491523417835182 0.557260034102324
1.04999999999999 0.529230769230773 0.467531260579907 0.529733343910904
1.09999999999999 0.504615384615388 0.444785558044852 0.502312749858207
1.14999999999999 0.480000000000004 0.423286310230016 0.475172625688081
1.19999999999999 0.455384615384619 0.403033517135399 0.448487345144373
1.24999999999999 0.430769230769234 0.384027178761002 0.422431281970928
1.29999999999999 0.40615384615385 0.366267295106825 0.397178809911595
1.34999999999999 0.381538461538465 0.349753866172866 0.372904302710219
1.39999999999999 0.35692307692308 0.334486891959128 0.349782134110649
1.44999999999999 0.332307692307696 0.320466372465609 0.32798667785673
1.49999999999999 0.307692307692311 0.307692307692309 0.30769230769231
1.54999999999999 0.299204244031831 0.295724608966755 0.289029942671956
1.59999999999999 0.290716180371354 0.284123187616473 0.271956683093114
1.64999999999999 0.282228116710877 0.272888043641461 0.256386174563951
1.69999999999999 0.273740053050399 0.26201917704172 0.242232062692634
1.74999999999999 0.265251989389922 0.251516587817251 0.22940799308733
1.79999999999999 0.256763925729444 0.241380275968053 0.217827611356206
1.84999999999999 0.248275862068967 0.231610241494127 0.207404563107428
1.89999999999999 0.239787798408489 0.222206484395471 0.198052493949164
1.94999999999999 0.231299734748012 0.213169004672087 0.18968504948958
1.99999999999999 0.222811671087534 0.204497802323974 0.182215875336843
2.04999999999999 0.214323607427057 0.196192877351132 0.17555861709912
2.09999999999999 0.205835543766579 0.188254229753561 0.169626920384577
2.14999999999999 0.197347480106102 0.180681859531262 0.164334430801382
2.19999999999999 0.188859416445625 0.173475766684233 0.159594793957701
2.24999999999999 0.180371352785147 0.166635951212476 0.155321655461701
2.29999999999999 0.17188328912467 0.160162413115991 0.15142866092155
2.34999999999999 0.163395225464192 0.154055152394776 0.147829455945413
2.39999999999999 0.154907161803715 0.148314169048833 0.144437686141457
2.44999999999999 0.146419098143237 0.14293946307816 0.141166997117851
2.49999999999999 0.13793103448276 0.137931034482759 0.137931034482759
2.54999999999999 0.134808067664282 0.133190860729458 0.134659437986621
2.59999999999999 0.131685100845804 0.128620919285086 0.131345823948956
2.64999999999999 0.128562134027327 0.124221210149643 0.127999802831558
2.69999999999999 0.125439167208849 0.119991733323128 0.124630985096219
2.74999999999999 0.122316200390371 0.115932488805542 0.121248981204731
2.79999999999999 0.119193233571894 0.112043476596885 0.117863401618886
2.84999999999999 0.116070266753416 0.108324696697157 0.114483856800476
2.89999999999999 0.112947299934939 0.104776149106358 0.111119957211294
2.94999999999999 0.109824333116461 0.101397833824487 0.107781313313131
2.99999999999999 0.106701366297984 0.0981897508515449 0.10447753556778
3.04999999999999 0.103578399479506 0.0951519001875317 0.101218234437033
3.09999999999999 0.100455432661029 0.0922842818324473 0.0980130203826827
3.14999999999999 0.0973324658425511 0.0895868957862916 0.0948715038665207
3.19999999999999 0.0942094990240735 0.0870597420490648 0.0918032953503393
3.24999999999999 0.091086532205596 0.0847028206207667 0.0888180052959308
3.29999999999999 0.0879635653871184 0.0825161315013974 0.0859252441650873
3.34999999999999 0.0848405985686409 0.0804996746909568 0.0831346224196011
3.39999999999999 0.0817176317501634 0.0786534501894451 0.0804557505212644
3.44999999999999 0.0785946649316858 0.0769774579968621 0.0778982389318693
3.49999999999999 0.0754716981132083 0.0754716981132079 0.0754716981132081
3.54999999999999 0.0740510543840181 0.0740510543840181 0.0731829652731699
3.59999999999999 0.0726304106548283 0.0726304106548283 0.0710277846040314
3.64999999999999 0.0712097669256385 0.0712097669256385 0.0689991270441664
3.69999999999999 0.0697891231964487 0.0697891231964487 0.0670899635319485
3.74999999999999 0.068368479467259 0.068368479467259 0.0652932650057515
3.79999999999999 0.0669478357380692 0.0669478357380692 0.063602002403949
3.84999999999999 0.0655271920088794 0.0655271920088794 0.0620091466649147
3.89999999999999 0.0641065482796896 0.0641065482796896 0.0605076687270225
3.94999999999999 0.0626859045504998 0.0626859045504998 0.0590905395286458
3.99999999999999 0.06126526082131 0.06126526082131 0.0577507300081585
4.04999999999999 0.0598446170921202 0.0598446170921202 0.0564812111039342
4.09999999999999 0.0584239733629305 0.0584239733629305 0.0552749537543466
4.14999999999999 0.0570033296337407 0.0570033296337407 0.0541249288977695
4.19999999999999 0.0555826859045509 0.0555826859045509 0.0530241074725765
4.24999999999999 0.0541620421753611 0.0541620421753611 0.0519654604171413
4.29999999999999 0.0527413984461713 0.0527413984461713 0.0509419586698376
4.34999999999999 0.0513207547169815 0.0513207547169815 0.0499465731690392
4.39999999999999 0.0499001109877918 0.0499001109877918 0.0489722748531196
4.44999999999999 0.048479467258602 0.048479467258602 0.0480120346604527
4.49999999999998 0.0470588235294122 0.0470588235294122 0.0470588235294121
