0.0000000000000000 0.0000000000000000 0.8009589561782130 0.0000000000000000
0.0100000000000000 0.0080215565814629 0.8033523601143680 0.0000400878378745
0.0200000000000000 0.0160670472022874 0.8057457640505220 0.0001605109117605
0.0300000000000000 0.0241364718624733 0.8081391679866770 0.0003615085620515
0.0400000000000000 0.0322298305620209 0.8105325719228320 0.0006433201291411
0.0500000000000000 0.0403471233009300 0.8129259758589870 0.0010061849534231
0.0600000000000000 0.0484883500792006 0.8153193797951410 0.0014503423752909
0.0700000000000000 0.0566535108968328 0.8177127837312960 0.0019760317351383
0.0800000000000000 0.0648426057538266 0.8201061876674510 0.0025834923733588
0.0900000000000000 0.0730556346501818 0.8224995916036060 0.0032729636303460
0.1000000000000000 0.0812925975858987 0.8248929955397600 0.0040446848464936
0.1100000000000000 0.0895534945609770 0.8272863994759150 0.0048988953621952
0.1200000000000000 0.0978383255754170 0.8296798034120700 0.0058358345178444
0.1300000000000000 0.1061470906292180 0.8320732073482250 0.0068557416538348
0.1400000000000000 0.1144797897223810 0.8344666112843800 0.0079588561105600
0.1500000000000000 0.1228364228549060 0.8368600152205340 0.0091454172284136
0.1600000000000000 0.1312169900267920 0.8392534191566890 0.0104156643477893
0.1700000000000000 0.1396214912380400 0.8416468230928440 0.0117698368090807
0.1800000000000000 0.1480499264886490 0.8440402270289990 0.0132081739526813
0.1900000000000000 0.1565022957786200 0.8464336309651530 0.0147309151189848
0.2000000000000000 0.1649785991079520 0.8488270349013080 0.0163382996483849
0.2100000000000000 0.1734788364766460 0.8512204388374630 0.0180305668812751
0.2200000000000000 0.1820030078847010 0.8536138427736180 0.0198079561580490
0.2300000000000000 0.1905511133321180 0.8560072467097730 0.0216707068191003
0.2400000000000000 0.1991231528188970 0.8584006506459270 0.0236190582048226
0.2500000000000000 0.2077191263450370 0.8607940545820820 0.0256532496556095
0.2600000000000000 0.2163390339105390 0.8631874585182370 0.0277735205118545
0.2700000000000000 0.2249828755154020 0.8655808624543920 0.0299801101139514
0.2800000000000000 0.2336506511596260 0.8679742663905460 0.0322732578022938
0.2900000000000000 0.2423423608432130 0.8703676703267010 0.0346532029172752
0.3000000000000000 0.2510580045661600 0.8727610742628560 0.0371201847992893
0.3100000000000000 0.2597975823284700 0.8751544781990110 0.0396744427887296
0.3200000000000000 0.2685610941301410 0.8775478821351660 0.0423162162259898
0.3300000000000000 0.2773485399711730 0.8799412860713200 0.0450457444514636
0.3400000000000000 0.2861599198515670 0.8823346900074750 0.0478632668055445
0.3500000000000000 0.2949952337713230 0.8847280939436300 0.0507690226286262
0.3600000000000000 0.3038544817304400 0.8871214978797850 0.0537632512611022
0.3700000000000000 0.3127376637289180 0.8895149018159390 0.0568461920433662
0.3800000000000000 0.3216447797667580 0.8919083057520940 0.0600180843158118
0.3900000000000000 0.3305758298439600 0.8943017096882490 0.0632791674188326
0.4000000000000000 0.3395308139605230 0.8966951136244040 0.0666296806928222
0.4100000000000000 0.3485097321164480 0.8990885175605590 0.0700698634781742
0.4200000000000000 0.3575125843117350 0.9014819214967130 0.0735999551152824
0.4300000000000000 0.3665393705463830 0.9038753254328680 0.0772201949445401
0.4400000000000000 0.3755900908203920 0.9062687293690230 0.0809308223063412
0.4500000000000000 0.3846647451337630 0.9086621333051780 0.0847320765410792
0.4600000000000000 0.3937633334864960 0.9110555372413320 0.0886241969891477
0.4700000000000000 0.4028858558785900 0.9134489411774870 0.0926074229909403
0.4800000000000000 0.4120323123100450 0.9158423451136420 0.0966819938868507
0.4900000000000000 0.4212027027808630 0.9182357490497970 0.1008481490172720
0.5000000000000000 0.4303970272910410 0.9206291529859510 0.1051061277225990
0.5100000000000000 0.4396152858405820 0.9230225569221060 0.1094561693432240
0.5200000000000000 0.4488574784294830 0.9254159608582610 0.1138985132195420
0.5300000000000000 0.4581236050577470 0.9278093647944160 0.1184333986919450
0.5400000000000000 0.4674136657253720 0.9302027687305710 0.1230610651008280
0.5500000000000000 0.4767276604323580 0.9325961726667250 0.1277817517865840
0.5600000000000000 0.4860655891787060 0.9349895766028800 0.1325956980896070
0.5700000000000000 0.4954274519644160 0.9373829805390350 0.1375031433502890
0.5800000000000000 0.5048132487894870 0.9397763844751900 0.1425043269090260
0.5900000000000000 0.5142229796539200 0.9421697884113440 0.1475994881062100
0.6000000000000000 0.5236566445577140 0.9445631923474990 0.1527888662822360
0.6100000000000000 0.5331142435008700 0.9469565962836540 0.1580727007774960
0.6200000000000000 0.5425957764833870 0.9493500002198090 0.1634512309323840
0.6300000000000000 0.5521012435052660 0.9517434041559640 0.1689246960872950
0.6400000000000000 0.5616306445665060 0.9541368080921180 0.1744933355826210
0.6500000000000000 0.5711839796671080 0.9565302120282730 0.1801573887587560
0.6600000000000000 0.5807612488070720 0.9589236159644280 0.1859170949560940
0.6700000000000000 0.5903624519863970 0.9613170199005830 0.1917726935150290
0.6800000000000000 0.5999875892050830 0.9637104238367370 0.1977244237759530
0.6900000000000000 0.6096366604631310 0.9661038277728920 0.2037725250792620
0.7000000000000000 0.6193096657605410 0.9684972317090470 0.2099172367653470
0.7100000000000000 0.6290066050973130 0.9708906356452020 0.2161587981746040
0.7200000000000000 0.6387274784734450 0.9732840395813560 0.2224974486474250
0.7300000000000000 0.6484722858889400 0.9756774435175110 0.2289334275242040
0.7400000000000000 0.6582410273437960 0.9780708474536660 0.2354669741453350
0.7500000000000000 0.6680337028380130 0.9804642513898210 0.2420983278512110
0.7600000000000000 0.6778503123715920 0.9828576553259760 0.2488277279822260
0.7700000000000000 0.6876908559445330 0.9852510592621300 0.2556554138787740
0.7800000000000000 0.6975553335568350 0.9876444631982850 0.2625816248812480
0.7900000000000000 0.7074437452084980 0.9900378671344400 0.2696066003300420
0.8000000000000000 0.7173560908995230 0.9924312710705940 0.2767305795655490
0.8100000000000010 0.7272004461876180 0.9764397865482660 0.2839534955133560
0.8200000000000010 0.7368848866304890 0.9604483020259380 0.2912740554398170
0.8300000000000010 0.7464094122281370 0.9444568175036100 0.2986906601964820
0.8400000000000010 0.7557740229805610 0.9284653329812820 0.3062017106348960
0.8500000000000010 0.7649787188877620 0.9124738484589540 0.3138056076066090
0.8600000000000010 0.7740234999497400 0.8964823639366260 0.3215007519631670
0.8700000000000010 0.7829083661664950 0.8804908794142980 0.3292855445561200
0.8800000000000010 0.7916333175380260 0.8644993948919700 0.3371583862370130
0.8900000000000010 0.8001983540643340 0.8485079103696420 0.3451176778573960
0.9000000000000010 0.8086034757454190 0.8325164258473140 0.3531618202688160
0.9100000000000010 0.8168486825812800 0.8165249413249870 0.3612892143228200
0.9200000000000010 0.8249339745719190 0.8005334568026590 0.3694982608709570
0.9300000000000010 0.8328593517173340 0.7845419722803310 0.3777873607647750
0.9400000000000010 0.8406248140175250 0.7685504877580030 0.3861549148558200
0.9500000000000010 0.8482303614724940 0.7525590032356750 0.3945993239956410
0.9600000000000010 0.8556759940822390 0.7365675187133470 0.4031189890357860
0.9700000000000010 0.8629617118467610 0.7205760341910190 0.4117123108278020
0.9800000000000010 0.8700875147660590 0.7045845496686910 0.4203776902232370
0.9900000000000010 0.8770534028401340 0.6885930651463630 0.4291135280736390
1.0000000000000000 0.8838593760689870 0.6726015806240350 0.4379182252305560
1.0100000000000000 0.8905054344526150 0.6566100961017070 0.4467901825455350
1.0200000000000000 0.8969915779910210 0.6406186115793790 0.4557278008701240
1.0300000000000000 0.9033178066842030 0.6246271270570510 0.4647294810558710
1.0400000000000000 0.9094841205321620 0.6086356425347230 0.4737936239543240
1.0500000000000000 0.9154905195348970 0.5926441580123950 0.4829186304170300
1.0600000000000000 0.9213370036924100 0.5766526734900670 0.4921029012955380
1.0700000000000000 0.9270235730046990 0.5606611889677390 0.5013448374413940
1.0800000000000000 0.9325502274717650 0.5446697044454120 0.5106428397061480
1.0900000000000000 0.9379169670936070 0.5286782199230840 0.5199953089413450
1.1000000000000000 0.9431237918702260 0.5126867354007560 0.5294006459985360
1.1100000000000000 0.9481707018016220 0.4966952508784280 0.5388572517292660
1.1200000000000000 0.9530576968877950 0.4807037663561000 0.5483635269850840
1.1300000000000000 0.9577847771287440 0.4647122818337720 0.5579178726175380
1.1400000000000000 0.9623519425244700 0.4487207973114440 0.5675186894781750
1.1500000000000000 0.9667591930749730 0.4327293127891160 0.5771643784185430
1.1600000000000000 0.9710065287802530 0.4167378282667880 0.5868533402901900
1.1700000000000000 0.9750939496403090 0.4007463437444600 0.5965839759446640
1.1800000000000000 0.9790214556551420 0.3847548592221320 0.6063546862335120
1.1900000000000000 0.9827890468247510 0.3687633746998040 0.6161638720082830
1.2000000000000000 0.9863967231491380 0.3527718901774760 0.6260099341205230
1.2100000000000000 0.9898444846283010 0.3367804056551480 0.6358912734217820
1.2200000000000000 0.9931323312622410 0.3207889211328200 0.6458062907636050
1.2300000000000000 0.9962602630509570 0.3047974366104920 0.6557533869975420
1.2400000000000000 0.9992282799944500 0.2888059520881640 0.6657309629751400
1.2500000000000000 1.0020363820927200 0.2728144675658360 0.6757374195479470
1.2600000000000000 1.0046845693457700 0.2568229830435090 0.6857711575675110
1.2700000000000000 1.0071728417535900 0.2408314985211810 0.6958305778853780
1.2800000000000000 1.0095011993161900 0.2248400139988530 0.7059140813530980
1.2900000000000000 1.0116696420335700 0.2088485294765250 0.7160200688222180
1.3000000000000000 1.0136781699057200 0.1928570449541970 0.7261469411442860
1.3100000000000000 1.0155267829326500 0.1768655604318690 0.7362930991708490
1.3200000000000000 1.0172154811143600 0.1608740759095410 0.7464569437534550
1.3300000000000000 1.0187442644508400 0.1448825913872130 0.7566368757436520
1.3400000000000000 1.0201131329421000 0.1288911068648850 0.7668312959929870
1.3500000000000000 1.0213220865881400 0.1128996223425570 0.7770386053530100
1.3600000000000000 1.0223711253889500 0.0969081378202291 0.7872572046752660
1.3700000000000000 1.0232602493445500 0.0809166532979012 0.7974854948113050
1.3800000000000000 1.0239894584549100 0.0649251687755732 0.8077218766126730
1.3900000000000000 1.0245587527200600 0.0489336842532453 0.8179647509309190
1.4000000000000000 1.0249681321399800 0.0329421997309174 0.8282125186175900
1.4100000000000000 1.0252175967146700 0.0169507152085894 0.8384635805242340
1.4200000000000000 1.0253071464441500 0.0009592306862615 0.8487163375024000
1.4300000000000000 1.0252367813284000 -0.0150322538360664 0.8589691904036330
1.4400000000000000 1.0250065013674300 -0.0310237383583943 0.8692205400794830
1.4500000000000000 1.0246163065612300 -0.0470152228807225 0.8794687873814980
1.4600000000000000 1.0240661969098100 -0.0630067074030504 0.8897123331612240
1.4700000000000000 1.0233561724131700 -0.0789981919253783 0.8999495782702100
1.4800000000000000 1.0224862330713100 -0.0949896764477062 0.9101789235600040
1.4900000000000000 1.0214563788842200 -0.1109811609700340 0.9203987698821520
1.5000000000000000 1.0202666098519000 -0.1269726454923620 0.9306075180882040
1.5100000000000000 1.0189169259743700 -0.1429641300146900 0.9408035690297060
1.5200000000000000 1.0174073272516100 -0.1589556145370180 0.9509853235582070
1.5300000000000000 1.0157378136836300 -0.1749470990593460 0.9611511825252540
1.5400000000000000 1.0139083852704200 -0.1909385835816740 0.9712995467823960
1.5500000000000000 1.0119190420120000 -0.2069300681040020 0.9814288171811790
1.5600000000000000 1.0097697839083400 -0.2229215526263300 0.9915373945731510
1.5700000000000000 1.0074606109594700 -0.2389130371486580 1.0016236798098600
1.5800000000000000 1.0049915231653700 -0.2549045216709860 1.0116860737428600
1.5900000000000000 1.0023625205260500 -0.2708960061933140 1.0217229772236800
1.6000000000000000 0.9995736030415050 -0.2868874907156400 1.0317327911038900
1.6100000000000000 0.9966899468171740 -0.2898437541505730 1.0417141334887200
1.6200000000000000 0.9937767279584930 -0.2928000175855050 1.0516664914981200
1.6300000000000000 0.9908339464654630 -0.2957562810204380 1.0615895695057700
1.6400000000000000 0.9878616023380840 -0.2987125444553700 1.0714830718853200
1.6500000000000000 0.9848596955763560 -0.3016688078903030 1.0813467030104200
1.6600000000000000 0.9818282261802780 -0.3046250713252350 1.0911801672547300
1.6700000000000000 0.9787671941498510 -0.3075813347601680 1.1009831689919100
1.6800000000000000 0.9756765994850750 -0.3105375981951010 1.1107554125956100
1.6900000000000000 0.9725564421859490 -0.3134938616300330 1.1204966024395000
1.7000000000000000 0.9694067222524740 -0.3164501250649660 1.1302064428972200
1.7100000000000000 0.9662274396846500 -0.3194063884998980 1.1398846383424300
1.7200000000000000 0.9630185944824760 -0.3223626519348310 1.1495308931488000
1.7300000000000000 0.9597801866459530 -0.3253189153697640 1.1591449116899700
1.7400000000000000 0.9565122161750810 -0.3282751788046960 1.1687263983396000
1.7500000000000000 0.9532146830698590 -0.3312314422396290 1.1782750574713500
1.7600000000000000 0.9498875873302890 -0.3341877056745610 1.1877905934588800
1.7700000000000000 0.9465309289563680 -0.3371439691094940 1.1972727106758400
1.7800000000000000 0.9431447079480990 -0.3401002325444260 1.2067211134959000
1.7900000000000000 0.9397289243054800 -0.3430564959793590 1.2161355062926900
1.8000000000000000 0.9362835780285110 -0.3460127594142920 1.2255155934398900
1.8100000000000000 0.9328086691171940 -0.3489690228492240 1.2348610793111500
1.8200000000000000 0.9293041975715270 -0.3519252862841570 1.2441716682801200
1.8300000000000000 0.9257701633915110 -0.3548815497190890 1.2534470647204600
1.8400000000000000 0.9222065665771450 -0.3578378131540220 1.2626869730058400
1.8500000000000000 0.9186134071284300 -0.3607940765889540 1.2718910975098900
1.8600000000000000 0.9149906850453660 -0.3637503400238870 1.2810591426062900
1.8700000000000000 0.9113384003279530 -0.3667066034588200 1.2901908126686900
1.8800000000000000 0.9076565529761900 -0.3696628668937520 1.2992858120707300
1.8900000000000000 0.9039451429900780 -0.3726191303286850 1.3083438451860900
1.9000000000000000 0.9002041703696160 -0.3755753937636170 1.3173646163884200
1.9100000000000000 0.8964336351148050 -0.3785316571985500 1.3263478300513700
1.9200000000000000 0.8926335372256450 -0.3814879206334820 1.3352931905486000
1.9300000000000000 0.8888038767021360 -0.3844441840684150 1.3442004022537700
1.9400000000000000 0.8849446535442770 -0.3874004475033480 1.3530691695405300
1.9500000000000000 0.8810558677520680 -0.3903567109382800 1.3618991967825400
1.9600000000000000 0.8771375193255110 -0.3933129743732130 1.3706901883534600
1.9700000000000000 0.8731896082646040 -0.3962692378081450 1.3794418486269400
1.9800000000000000 0.8692121345693480 -0.3992255012430780 1.3881538819766400
1.9900000000000000 0.8652050982397430 -0.4021817646780110 1.3968259927762100
2.0000000000000000 0.8611684992757880 -0.4051380281129430 1.4054578853993200
2.0100000000000000 0.8571023376774840 -0.4080942915478760 1.4140492642196100
2.0200000000000000 0.8530066134448310 -0.4110505549828080 1.4225998336107500
2.0300000000000000 0.8488813265778280 -0.4140068184177410 1.4311092979463900
2.0400000000000000 0.8447264770764760 -0.4169630818526730 1.4395773616001900
2.0500000000000000 0.8405420649407750 -0.4199193452876060 1.4480037289458100
2.0600000000000000 0.8363280901707240 -0.4228756087225380 1.4563881043568900
2.0700000000000000 0.8320845527663240 -0.4258318721574710 1.4647301922071100
2.0800000000000000 0.8278114527275750 -0.4287881355924030 1.4730296968701100
2.0900000000000000 0.8235087900544760 -0.4317443990273360 1.4812863227195400
2.1000000000000000 0.8191765647470280 -0.4347006624622680 1.4894997741290800
2.1100000000000000 0.8148147768052310 -0.4376569258972010 1.4976697554723700
2.1200000000000000 0.8104234262290850 -0.4406131893321330 1.5057959711230700
2.1300000000000000 0.8060025130185890 -0.4435694527670660 1.5138781254548400
2.1400000000000000 0.8015520371737430 -0.4465257162019980 1.5219159228413300
2.1500000000000000 0.7970719986945490 -0.4494819796369310 1.5299090676562000
2.1600000000000000 0.7925623975810050 -0.4524382430718630 1.5378572642731000
2.1700000000000000 0.7880232338331120 -0.4553945065067960 1.5457602170657000
2.1800000000000000 0.7834545074508690 -0.4583507699417280 1.5536176304076500
2.1900000000000000 0.7788562184342770 -0.4613070333766610 1.5614292086726000
2.2000000000000000 0.7742283667833360 -0.4642632968115930 1.5691946562342200
2.2100000000000000 0.7695709524980460 -0.4672195602465260 1.5769136774661600
2.2200000000000000 0.7648839755784060 -0.4701758236814580 1.5845859767420700
2.2300000000000000 0.7601674360244170 -0.4731320871163910 1.5922112584356100
2.2400000000000000 0.7554213338360780 -0.4760883505513230 1.5997892269204400
2.2500000000000000 0.7506456690133910 -0.4790446139862560 1.6073195865702200
2.2600000000000000 0.7458404415563530 -0.4820008774211880 1.6148020417585900
2.2700000000000000 0.7410056514649670 -0.4849571408561210 1.6222362968592300
2.2800000000000000 0.7361412987392310 -0.4879134042910530 1.6296220562457800
2.2900000000000000 0.7312473833791460 -0.4908696677259860 1.6369590242919000
2.2999999999999900 0.7263239053847120 -0.4938259311609180 1.6442469053712500
2.3099999999999900 0.7213708647559280 -0.4967821945958510 1.6514854038574800
2.3199999999999900 0.7163882614927950 -0.4997384580307830 1.6586742241242500
2.3299999999999900 0.7113760955953120 -0.5026947214657160 1.6658130705452200
2.3399999999999900 0.7063343670634810 -0.5056509849006480 1.6729016474940400
2.3499999999999900 0.7012630758973000 -0.5086072483355810 1.6799396593443700
2.3599999999999900 0.6961622220967690 -0.5115635117705130 1.6869268104698700
2.3699999999999900 0.6910318056618900 -0.5145197752054460 1.6938628052441900
2.3799999999999900 0.6858718265926610 -0.5174760386403790 1.7007473480410000
2.3899999999999900 0.6806822848890820 -0.5204323020753110 1.7075801432339300
2.3999999999999900 0.6754631805511550 -0.5233885655102430 1.7143608951966600
2.4099999999999900 0.6701800563848700 -0.5332362677468180 1.7210891934455300
2.4199999999999900 0.6647984551962190 -0.5430839699833970 1.7277641680676200
2.4299999999999900 0.6593183769852020 -0.5529316722199760 1.7343848342927100
2.4399999999999900 0.6537398217518190 -0.5627793744565550 1.7409502073505800
2.4499999999999900 0.6480627894960710 -0.5726270766931340 1.7474593024710100
2.4599999999999900 0.6422872802179570 -0.5824747789297130 1.7539111348837600
2.4699999999999900 0.6364132939174770 -0.5923224811662910 1.7603047198186200
2.4799999999999900 0.6304408305946310 -0.6021701834028700 1.7666390725053700
2.4899999999999900 0.6243698902494200 -0.6120178856394490 1.7729132081737700
2.4999999999999900 0.6182004728818430 -0.6218655878760280 1.7791261420536200
2.5099999999999900 0.6119325784919000 -0.6317132901126070 1.7852768893746700
2.5199999999999900 0.6055662070795910 -0.6415609923491860 1.7913644653667100
2.5299999999999900 0.5991013586449160 -0.6514086945857650 1.7973878852595200
2.5399999999999900 0.5925380331878760 -0.6612563968223440 1.8033461642828700
2.5499999999999900 0.5858762307084690 -0.6711040990589230 1.8092383176665400
2.5599999999999900 0.5791159512066970 -0.6809518012955020 1.8150633606403000
2.5699999999999900 0.5722571946825600 -0.6907995035320810 1.8208203084339300
2.5799999999999900 0.5652999611360560 -0.7006472057686600 1.8265081762772100
2.5899999999999900 0.5582442505671870 -0.7104949080052390 1.8321259793999100
2.5999999999999900 0.5510900629759520 -0.7203426102418180 1.8376727330318100
2.6099999999999900 0.5438373983623510 -0.7301903124783970 1.8431474524026900
2.6199999999999900 0.5364862567263840 -0.7400380147149760 1.8485491527423100
2.6299999999999900 0.5290366380680510 -0.7498857169515550 1.8538768492804700
2.6399999999999900 0.5214885423873530 -0.7597334191881340 1.8591295572469300
2.6499999999999900 0.5138419696842890 -0.7695811214247130 1.8643062918714800
2.6599999999999900 0.5060969199588590 -0.7794288236612920 1.8694060683838800
2.6699999999999900 0.4982533932110640 -0.7892765258978710 1.8744279020139100
2.6799999999999900 0.4903113894409020 -0.7991242281344500 1.8793708079913600
2.6899999999999900 0.4822709086483750 -0.8089719303710290 1.8842338015459900
2.6999999999999900 0.4741319508334820 -0.8188196326076080 1.8890158979075800
2.7099999999999900 0.4658945159962230 -0.8286673348441870 1.8937161123059200
2.7199999999999900 0.4575586041365990 -0.8385150370807660 1.8983334599707700
2.7299999999999900 0.4491242152546080 -0.8483627393173450 1.9028669561319100
2.7399999999999900 0.4405913493502520 -0.8582104415539240 1.9073156160191200
2.7499999999999900 0.4319600064235300 -0.8680581437905030 1.9116784548621700
2.7599999999999900 0.4232301864744420 -0.8779058460270820 1.9159544878908500
2.7699999999999800 0.4144018895029890 -0.8877535482636610 1.9201427303349200
2.7799999999999800 0.4054751155091690 -0.8976012505002400 1.9242421974241700
2.7899999999999800 0.3964498644929840 -0.9074489527368190 1.9282519043883600
2.7999999999999800 0.3873261364544330 -0.9172966549733980 1.9321708664572800
2.8099999999999800 0.3781039313935170 -0.9271443572099770 1.9359980988607100
2.8199999999999800 0.3687832493102340 -0.9369920594465560 1.9397326168284100
2.8299999999999800 0.3593640902045860 -0.9468397616831350 1.9433734355901700
2.8399999999999800 0.3498464540765720 -0.9566874639197140 1.9469195703757600
2.8499999999999800 0.3402303409261920 -0.9665351661562930 1.9503700364149600
2.8599999999999800 0.3305157507534470 -0.9763828683928720 1.9537238489375500
2.8699999999999800 0.3207026835583350 -0.9862305706294510 1.9569800231732900
2.8799999999999800 0.3107911393408580 -0.9960782728660300 1.9601375743519700
2.8899999999999800 0.3007811181010150 -1.0059259751026100 1.9631955177033700
2.8999999999999800 0.2906726198388060 -1.0157736773391900 1.9661528684572500
2.9099999999999800 0.2804656445542320 -1.0256213795757700 1.9690086418434000
2.9199999999999800 0.2701601922472910 -1.0354690818123500 1.9717618530915900
2.9299999999999800 0.2597562629179850 -1.0453167840489200 1.9744115174316100
2.9399999999999800 0.2492538565663130 -1.0551644862855000 1.9769566500932100
2.9499999999999800 0.2386529731922760 -1.0650121885220800 1.9793962663061900
2.9599999999999800 0.2279536127958720 -1.0748598907586600 1.9817293813003200
2.9699999999999800 0.2171557753771030 -1.0847075929952400 1.9839550103053700
2.9799999999999800 0.2062594609359680 -1.0945552952318200 1.9860721685511200
2.9899999999999800 0.1952646694724670 -1.1044029974684000 1.9880798712673400
2.9999999999999800 0.1841714009866000 -1.1142506997049800 1.9899771336838200
3.0099999999999800 0.1729796554783680 -1.1240984019415600 1.9917629710303300
3.0199999999999800 0.1616894329477700 -1.1339461041781400 1.9934363985366500
3.0299999999999800 0.1503007333948060 -1.1437938064147100 1.9949964314325500
3.0399999999999800 0.1388135568194760 -1.1536415086512900 1.9964420849478100
3.0499999999999800 0.1272279032217800 -1.1634892108878700 1.9977723743122000
3.0599999999999800 0.1155437726017190 -1.1733369131244500 1.9989863147555000
3.0699999999999800 0.1037611649592920 -1.1831846153610300 2.0000829215074900
3.0799999999999800 0.0918800802944988 -1.1930323175976100 2.0010612097979400
3.0899999999999800 0.0799005186073400 -1.2028800198341900 2.0019201948566400
3.0999999999999800 0.0678224798978155 -1.2127277220707700 2.0026588919133500
3.1099999999999800 0.0556459641659252 -1.2225754243073500 2.0032763161978500
3.1199999999999800 0.0433709714116691 -1.2324231265439300 2.0037714829399300
3.1299999999999800 0.0309975016350472 -1.2422708287805000 2.0041434073693500
3.1399999999999800 0.0185255548360595 -1.2521185310170800 2.0043911047158900
3.1499999999999800 0.0059551310147061 -1.2619662332536600 2.0045135902093300
3.1599999999999800 -0.0067137698290132 -1.2718139354902400 2.0045098790794400
3.1699999999999800 -0.0194811476950982 -1.2816616377268200 2.0043789865560000
3.1799999999999800 -0.0323470025835490 -1.2915093399634000 2.0041199278688000
3.1899999999999800 -0.0453113344943657 -1.3013570421999800 2.0037317182475900
3.1999999999999800 -0.0583741434275480 -1.3112047444365600 2.0032133729221700
3.2099999999999800 -0.0714314197088406 -1.3002505118219500 2.0025642538212100
3.2199999999999800 -0.0843791536639866 -1.2892962792073000 2.0017851096690800
3.2299999999999800 -0.0972173452929861 -1.2783420465926500 2.0008770358890200
3.2399999999999700 -0.1099459945958390 -1.2673878139779900 1.9998411279043100
3.2499999999999700 -0.1225651015725450 -1.2564335813633400 1.9986784811381900
3.2599999999999700 -0.1350746662231050 -1.2454793487486900 1.9973901910139400
3.2699999999999700 -0.1474746885475190 -1.2345251161340300 1.9959773529548200
3.2799999999999700 -0.1597651685457850 -1.2235708835193800 1.9944410623840800
3.2899999999999700 -0.1719461062179060 -1.2126166509047300 1.9927824147249900
3.2999999999999700 -0.1840175015638800 -1.2016624182900700 1.9910025054008100
3.3099999999999700 -0.1959793545837070 -1.1907081856754200 1.9891024298348000
3.3199999999999700 -0.2078316652773870 -1.1797539530607700 1.9870832834502200
3.3299999999999700 -0.2195744336449220 -1.1687997204461100 1.9849461616703400
3.3399999999999700 -0.2312076596863090 -1.1578454878314600 1.9826921599184100
3.3499999999999700 -0.2427313434015500 -1.1468912552168100 1.9803223736177000
3.3599999999999700 -0.2541454847906450 -1.1359370226021500 1.9778378981914700
3.3699999999999700 -0.2654500838535930 -1.1249827899875000 1.9752398290629700
3.3799999999999700 -0.2766451405903940 -1.1140285573728500 1.9725292616554800
3.3899999999999700 -0.2877306550010490 -1.1030743247581900 1.9697072913922500
3.3999999999999700 -0.2987066270855580 -1.0921200921435400 1.9667750136965500
3.4099999999999700 -0.3095730568439200 -1.0811658595288900 1.9637335239916300
3.4199999999999700 -0.3203299442761350 -1.0702116269142300 1.9605839177007600
3.4299999999999700 -0.3309772893822040 -1.0592573942995800 1.9573272902471900
3.4399999999999700 -0.3415150921621260 -1.0483031616849300 1.9539647370542000
3.4499999999999700 -0.3519433526159020 -1.0373489290702700 1.9504973535450400
3.4599999999999700 -0.3622620707435310 -1.0263946964556200 1.9469262351429700
3.4699999999999700 -0.3724712465450140 -1.0154404638409700 1.9432524772712500
3.4799999999999700 -0.3825708800203500 -1.0044862312263100 1.9394771753531600
3.4899999999999700 -0.3925609711695400 -0.9935319986116590 1.9356014248119400
3.4999999999999700 -0.4024415199925830 -0.9825777659970050 1.9316263210708500
3.5099999999999700 -0.4122125264894790 -0.9716235333823520 1.9275529595531700
3.5199999999999700 -0.4218739906602290 -0.9606693007676980 1.9233824356821500
3.5299999999999700 -0.4314259125048330 -0.9497150681530450 1.9191158448810500
3.5399999999999700 -0.4408682920232900 -0.9387608355383920 1.9147542825731400
3.5499999999999700 -0.4502011292156000 -0.9278066029237380 1.9102988441816800
3.5599999999999700 -0.4594244240817640 -0.9168523703090850 1.9057506251299200
3.5699999999999700 -0.4685381766217820 -0.9058981376944310 1.9011107208411300
3.5799999999999700 -0.4775423868356520 -0.8949439050797780 1.8963802267385700
3.5899999999999700 -0.4864370547233770 -0.8839896724651240 1.8915602382455000
3.5999999999999700 -0.4952221802849550 -0.8730354398504710 1.8866518507851900
3.6099999999999700 -0.5038977635203860 -0.8620812072358170 1.8816561597808900
3.6199999999999700 -0.5124638044296710 -0.8511269746211640 1.8765742606558700
3.6299999999999700 -0.5209203030128090 -0.8401727420065110 1.8714072488333800
3.6399999999999700 -0.5292672592698000 -0.8292185093918570 1.8661562197367000
3.6499999999999700 -0.5375046732006460 -0.8182642767772040 1.8608222687890800
3.6599999999999700 -0.5456325448053440 -0.8073100441625500 1.8554064914137700
3.6699999999999700 -0.5536508740838960 -0.7963558115478970 1.8499099830340600
3.6799999999999700 -0.5615596610363020 -0.7854015789332440 1.8443338390731800
3.6899999999999700 -0.5693589056625610 -0.7744473463185900 1.8386791549544200
3.6999999999999700 -0.5770486079626730 -0.7634931137039370 1.8329470261010200
3.7099999999999600 -0.5846287679366390 -0.7525388810892830 1.8271385479362500
3.7199999999999600 -0.5920993855844590 -0.7415846484746300 1.8212548158833700
3.7299999999999600 -0.5994604609061310 -0.7306304158599760 1.8152969253656500
3.7399999999999600 -0.6067119939016580 -0.7196761832453230 1.8092659718063400
3.7499999999999600 -0.6138539845710370 -0.7087219506306700 1.8031630506287000
3.7599999999999600 -0.6208864329142710 -0.6977677180160160 1.7969892572560100
3.7699999999999600 -0.6278093389313580 -0.6868134854013630 1.7907456871115100
3.7799999999999600 -0.6346227026222980 -0.6758592527867090 1.7844334356184700
3.7899999999999600 -0.6413265239870920 -0.6649050201720560 1.7780535982001500
3.7999999999999600 -0.6479208030257390 -0.6539507875574020 1.7716072702798100
3.8099999999999600 -0.6544055397382390 -0.6429965549427490 1.7650955472807200
3.8199999999999600 -0.6607807341245930 -0.6320423223280960 1.7585195246261300
3.8299999999999600 -0.6670463861848010 -0.6210880897134420 1.7518802977393200
3.8399999999999600 -0.6732024959188620 -0.6101338570987890 1.7451789620435300
3.8499999999999600 -0.6792490633267760 -0.5991796244841350 1.7384166129620300
3.8599999999999600 -0.6851860884085440 -0.5882253918694820 1.7315943459180800
3.8699999999999600 -0.6910135711641660 -0.5772711592548280 1.7247132563349400
3.8799999999999600 -0.6967315115936410 -0.5663169266401750 1.7177744396358800
3.8899999999999600 -0.7023399096969690 -0.5553626940255220 1.7107789912441600
3.8999999999999600 -0.7078387654741510 -0.5444084614108680 1.7037280065830300
3.9099999999999600 -0.7132280789251860 -0.5334542287962150 1.6966225810757600
3.9199999999999600 -0.7185078500500750 -0.5224999961815610 1.6894638101456100
3.9299999999999600 -0.7236780788488170 -0.5115457635669080 1.6822527892158500
3.9399999999999600 -0.7287387653214130 -0.5005915309522550 1.6749906137097200
3.9499999999999600 -0.7336899094678620 -0.4896372983376010 1.6676783790505100
3.9599999999999600 -0.7385315112881650 -0.4786830657229480 1.6603171806614500
3.9699999999999600 -0.7432635707823210 -0.4677288331082940 1.6529081139658300
3.9799999999999600 -0.7478860879503310 -0.4567746004936410 1.6454522743869000
3.9899999999999600 -0.7523990627921930 -0.4458203678789870 1.6379507573479100
3.9999999999999600 -0.7568024953079100 -0.4348661352643340 1.6304046582721400
4.0099999999999600 -0.7611341987238840 -0.4314745479304430 1.6228149465387500
4.0199999999999600 -0.7654319862665190 -0.4280829605965830 1.6151820873505700
4.0299999999999600 -0.7696958579358150 -0.4246913732627230 1.6075064198663300
4.0399999999999600 -0.7739258137317730 -0.4212997859288630 1.5997882832447700
4.0499999999999600 -0.7781218536543920 -0.4179081985950030 1.5920280166446100
4.0599999999999600 -0.7822839777036730 -0.4145166112611430 1.5842259592245900
4.0699999999999600 -0.7864121858796150 -0.4111250239272840 1.5763824501434500
4.0799999999999600 -0.7905064781822190 -0.4077334365934240 1.5684978285599100
4.0899999999999600 -0.7945668546114830 -0.4043418492595640 1.5605724336327100
4.0999999999999600 -0.7985933151674100 -0.4009502619257040 1.5526066045205900
4.1099999999999600 -0.8025858598499970 -0.3975586745918440 1.5446006803822800
4.1199999999999600 -0.8065444886592460 -0.3941670872579840 1.5365550003765000
4.1299999999999600 -0.8104692015951570 -0.3907754999241240 1.5284699036620000
4.1399999999999600 -0.8143599986577290 -0.3873839125902650 1.5203457293975100
4.1499999999999600 -0.8182168798469620 -0.3839923252564050 1.5121828167417600
4.1599999999999600 -0.8220398451628570 -0.3806007379225450 1.5039815048534800
4.1699999999999600 -0.8258288946054130 -0.3772091505886850 1.4957421328914200
4.1799999999999600 -0.8295840281746300 -0.3738175632548250 1.4874650400142900
4.1899999999999600 -0.8333052458705090 -0.3704259759209650 1.4791505653808300
4.1999999999999500 -0.8369925476930490 -0.3670343885871050 1.4707990481497900
4.2099999999999500 -0.8406459336422510 -0.3636428012532460 1.4624108274798800
4.2199999999999500 -0.8442654037181140 -0.3602512139193860 1.4539862425298600
4.2299999999999500 -0.8478509579206380 -0.3568596265855260 1.4455256324584300
4.2399999999999500 -0.8514025962498240 -0.3534680392516660 1.4370293364243500
4.2499999999999500 -0.8549203187056720 -0.3500764519178060 1.4284976935863500
4.2599999999999500 -0.8584041252881800 -0.3466848645839460 1.4199310431031500
4.2699999999999500 -0.8618540159973510 -0.3432932772500860 1.4113297241335000
4.2799999999999500 -0.8652699908331820 -0.3399016899162260 1.4026940758361200
4.2899999999999500 -0.8686520497956750 -0.3365101025823670 1.3940244373697400
4.2999999999999500 -0.8720001928848290 -0.3331185152485070 1.3853211478931100
4.3099999999999500 -0.8753144201006450 -0.3297269279146470 1.3765845465649600
4.3199999999999500 -0.8785947314431220 -0.3263353405807870 1.3678149725440100
4.3299999999999500 -0.8818411269122600 -0.3229437532469270 1.3590127649890100
4.3399999999999500 -0.8850536065080600 -0.3195521659130670 1.3501782630586800
4.3499999999999500 -0.8882321702305220 -0.3161605785792070 1.3413118059117600
4.3599999999999500 -0.8913768180796440 -0.3127689912453480 1.3324137327069800
4.3699999999999500 -0.8944875500554280 -0.3093774039114880 1.3234843826030800
4.3799999999999500 -0.8975643661578740 -0.3059858165776280 1.3145240947587800
4.3899999999999500 -0.9006072663869810 -0.3025942292437680 1.3055332083328300
4.3999999999999500 -0.9036162507427490 -0.2992026419099080 1.2965120624839600
4.4099999999999500 -0.9065913192251790 -0.2958110545760480 1.2874609963708900
4.4199999999999500 -0.9095324718342700 -0.2924194672421880 1.2783803491523600
4.4299999999999500 -0.9124397085700230 -0.2890278799083290 1.2692704599871100
4.4399999999999500 -0.9153130294324370 -0.2856362925744690 1.2601316680338700
4.4499999999999500 -0.9181524344215120 -0.2822447052406090 1.2509643124513800
4.4599999999999500 -0.9209579235372480 -0.2788531179067490 1.2417687323983600
4.4699999999999500 -0.9237294967796470 -0.2754615305728890 1.2325452670335400
4.4799999999999500 -0.9264671541487060 -0.2720699432390290 1.2232942555156700
4.4899999999999500 -0.9291708956444270 -0.2686783559051690 1.2140160370034800
4.4999999999999500 -0.9318407212668100 -0.2652867685713090 1.2047109506557000
4.5099999999999500 -0.9344766310158530 -0.2618951812374500 1.1953793356310600
4.5199999999999500 -0.9370786248915580 -0.2585035939035900 1.1860215310882900
4.5299999999999500 -0.9396467028939250 -0.2551120065697300 1.1766378761861400
4.5399999999999500 -0.9421808650229530 -0.2517204192358700 1.1672287100833200
4.5499999999999500 -0.9446811112786420 -0.2483288319020100 1.1577943719385900
4.5599999999999500 -0.9471474416609930 -0.2449372445681500 1.1483352009106600
4.5699999999999500 -0.9495798561700050 -0.2415456572342900 1.1388515361582800
4.5799999999999500 -0.9519783548056790 -0.2381540699004310 1.1293437168401800
4.5899999999999500 -0.9543429375680140 -0.2347624825665710 1.1198120821150800
4.5999999999999500 -0.9566736044570100 -0.2313708952327110 1.1102569711417300
4.6099999999999500 -0.9589703554726680 -0.2279793078988510 1.1006787230788500
4.6199999999999500 -0.9612331906149870 -0.2245877205649910 1.0910776770851800
4.6299999999999500 -0.9634621098839680 -0.2211961332311310 1.0814541723194600
4.6399999999999500 -0.9656571132796090 -0.2178045458972710 1.0718085479404200
4.6499999999999500 -0.9678182008019130 -0.2144129585634120 1.0621411431067800
4.6599999999999500 -0.9699453724508780 -0.2110213712295520 1.0524522969772900
4.6699999999999400 -0.9720386282265040 -0.2076297838956920 1.0427423487106800
4.6799999999999400 -0.9740979681287910 -0.2042381965618320 1.0330116374656700
4.6899999999999400 -0.9761233921577400 -0.2008466092279720 1.0232605024010100
4.6999999999999400 -0.9781149003133510 -0.1974550218941120 1.0134892826754300
4.7099999999999400 -0.9800724925956220 -0.1940634345602520 1.0036983174476600
4.7199999999999400 -0.9819961690045560 -0.1906718472263920 0.9938879458764270
4.7299999999999400 -0.9838859295401500 -0.1872802598925330 0.9840585071204760
4.7399999999999400 -0.9857417742024060 -0.1838886725586730 0.9742103403385360
4.7499999999999400 -0.9875637029913240 -0.1804970852248130 0.9643437846893390
4.7599999999999400 -0.9893517159069020 -0.1771054978909530 0.9544591793316210
4.7699999999999400 -0.9911058129491430 -0.1737139105570930 0.9445568634241130
4.7799999999999400 -0.9928259941180440 -0.1703223232232330 0.9346371761255500
4.7899999999999400 -0.9945122594136070 -0.1669307358893730 0.9247004565946640
4.7999999999999400 -0.9961646088358320 -0.1635391485555140 0.9147470439901890
4.8099999999999400 -0.9977225426198550 -0.1480476082490860 0.9047774791367410
4.8199999999999400 -0.9991255610008130 -0.1325560679425890 0.8947931095224690
4.8299999999999400 -1.0003736639787100 -0.1170645276360920 0.8847954843014030
4.8399999999999400 -1.0014668515535400 -0.1015729873295950 0.8747861526275720
4.8499999999999400 -1.0024051237253000 -0.0860814470230983 0.8647666636550090
4.8599999999999400 -1.0031884804940000 -0.0705899067166012 0.8547385665377440
4.8699999999999400 -1.0038169218596300 -0.0550983664101042 0.8447034104298060
4.8799999999999400 -1.0042904478222000 -0.0396068261036072 0.8346627444852280
4.8899999999999400 -1.0046090583817000 -0.0241152857971102 0.8246181178580400
4.8999999999999400 -1.0047727535381400 -0.0086237454906131 0.8145710797022720
4.9099999999999400 -1.0047815332915100 0.0068677948158839 0.8045231791719540
4.9199999999999400 -1.0046353976418200 0.0223593351223809 0.7944759654211190
4.9299999999999400 -1.0043343465890700 0.0378508754288779 0.7844309876037950
4.9399999999999400 -1.0038783801332500 0.0533424157353750 0.7743897948740150
4.9499999999999400 -1.0032674982743600 0.0688339560418720 0.7643539363858080
4.9599999999999400 -1.0025017010124100 0.0843254963483690 0.7543249612932050
4.9699999999999400 -1.0015809883473900 0.0998170366548660 0.7443044187502370
4.9799999999999400 -1.0005053602793100 0.1153085769613630 0.7342938579109340
4.9899999999999400 -0.9992748168081650 0.1308001172678600 0.7242948279293280
4.9999999999999400 -0.9978893579339540 0.1462916575743570 0.7143088779594480
5.0099999999999400 -0.9963489836566780 0.1617831978808540 0.7043375571553260
5.0199999999999400 -0.9946536939763370 0.1772747381873510 0.6943824146709920
5.0299999999999400 -0.9928034888929310 0.1927662784938480 0.6844449996604770
5.0399999999999400 -0.9907983684064600 0.2082578188003450 0.6745268612778110
5.0499999999999400 -0.9886383325169240 0.2237493591068420 0.6646295486770250
5.0599999999999400 -0.9863233812243240 0.2392408994133390 0.6547546110121490
5.0699999999999400 -0.9838535145286580 0.2547324397198360 0.6449035974372150
5.0799999999999400 -0.9812287324299270 0.2702239800263330 0.6350780571062540
5.0899999999999400 -0.9784490349281310 0.2857155203328300 0.6252795391732940
5.0999999999999400 -0.9755144220232710 0.3012070606393270 0.6155095927923680
5.1099999999999400 -0.9724248937153450 0.3166986009458240 0.6057697671175060
5.1199999999999400 -0.9691804500043540 0.3321901412523210 0.5960616113027390
5.1299999999999400 -0.9657810908902980 0.3476816815588180 0.5863866745020960
5.1399999999999300 -0.9622268163731780 0.3631732218653150 0.5767465058696100
5.1499999999999300 -0.9585176264529920 0.3786647621718130 0.5671426545593100
5.1599999999999300 -0.9546535211297420 0.3941563024783100 0.5575766697252270
5.1699999999999300 -0.9506345004034260 0.4096478427848070 0.5480501005213930
5.1799999999999300 -0.9464605642740460 0.4251393830913040 0.5385644961018360
5.1899999999999300 -0.9421317127416000 0.4406309233978010 0.5291214056205890
5.1999999999999300 -0.9376479458060900 0.4561224637042980 0.5197223782316820
5.2099999999999300 -0.9330092634675150 0.4716140040107950 0.5103689630891440
5.2199999999999300 -0.9282156657258740 0.4871055443172920 0.5010627093470080
5.2299999999999300 -0.9232671525811690 0.5025970846237890 0.4918051661593040
5.2399999999999300 -0.9181637240333990 0.5180886249302860 0.4825978826800620
5.2499999999999300 -0.9129053800825640 0.5335801652367830 0.4734424080633140
5.2599999999999300 -0.9074921207286630 0.5490717055432800 0.4643402914630880
5.2699999999999300 -0.9019239459716980 0.5645632458497770 0.4552930820334180
5.2799999999999300 -0.8962008558116680 0.5800547861562740 0.4463023289283320
5.2899999999999300 -0.8903228502485730 0.5955463264627710 0.4373695813018610
5.2999999999999300 -0.8842899292824130 0.6110378667692680 0.4284963883080370
5.3099999999999300 -0.8781020929131880 0.6265294070757650 0.4196842991008900
5.3199999999999300 -0.8717593411408980 0.6420209473822620 0.4109348628344510
5.3299999999999300 -0.8652616739655430 0.6575124876887590 0.4022496286627500
5.3399999999999300 -0.8586090913871230 0.6730040279952560 0.3936301457398170
5.3499999999999300 -0.8518015934056380 0.6884955683017530 0.3850779632196850
5.3599999999999300 -0.8448391800210880 0.7039871086082500 0.3765946302563820
5.3699999999999300 -0.8377218512334730 0.7194786489147470 0.3681816960039400
5.3799999999999300 -0.8304496070427930 0.7349701892212440 0.3598407096163900
5.3899999999999300 -0.8230224474490490 0.7504617295277410 0.3515732202477610
5.3999999999999300 -0.8154403724522390 0.7659532698342380 0.3433807770520860
5.4099999999999300 -0.8077033820523640 0.7814448101407350 0.3352649291833940
5.4199999999999300 -0.7998114762494250 0.7969363504472320 0.3272272257957160
5.4299999999999300 -0.7917646550434200 0.8124278907537290 0.3192692160430830
5.4399999999999300 -0.7835629184343500 0.8279194310602260 0.3113924490795250
5.4499999999999300 -0.7752062664222160 0.8434109713667230 0.3035984740590730
5.4599999999999300 -0.7666946990070160 0.8589025116732200 0.2958888401357570
5.4699999999999300 -0.7580282161887520 0.8743940519797170 0.2882650964636100
5.4799999999999300 -0.7492068179674220 0.8898855922862140 0.2807287921966600
5.4899999999999300 -0.7402305043430280 0.9053771325927110 0.2732814764889380
5.4999999999999300 -0.7310992753155690 0.9208686728992080 0.2659246984944760
5.5099999999999300 -0.7218131308850440 0.9363602132057050 0.2586600073673040
5.5199999999999300 -0.7123720710514550 0.9518517535122020 0.2514889522614530
5.5299999999999300 -0.7027760958148000 0.9673432938186990 0.2444130823309520
5.5399999999999300 -0.6930252051750810 0.9828348341251960 0.2374339467298340
5.5499999999999300 -0.6831193991322970 0.9983263744316930 0.2305530946121280
5.5599999999999300 -0.6730586776864480 1.0138179147381900 0.2237720751318650
5.5699999999999300 -0.6628430408375340 1.0293094550446900 0.2170924374430760
5.5799999999999300 -0.6524724885855540 1.0448009953511800 0.2105157306997920
5.5899999999999300 -0.6419470209305100 1.0602925356576800 0.2040435040560420
5.5999999999999300 -0.6312666378724010 1.0757840759641800 0.1976773066658580
5.6099999999999200 -0.6205264238968280 1.0722587191503000 0.1914183707349860
5.6199999999999200 -0.6098214634893960 1.0687333623362800 0.1852666606760280
5.6299999999999200 -0.5991517566501030 1.0652080055222600 0.1792218239533040
5.6399999999999200 -0.5885173033789510 1.0616826487082400 0.1732835080311330
5.6499999999999200 -0.5779181036759390 1.0581572918942200 0.1674513603738320
5.6599999999999200 -0.5673541575410670 1.0546319350802000 0.1617250284457200
5.6699999999999200 -0.5568254649743350 1.0511065782661900 0.1561041597111170
5.6799999999999200 -0.5463320259757440 1.0475812214521700 0.1505884016343400
5.6899999999999200 -0.5358738405452920 1.0440558646381500 0.1451774016797080
5.6999999999999200 -0.5254509086829810 1.0405305078241300 0.1398708073115410
5.7099999999999200 -0.5150632303888100 1.0370051510101100 0.1346682659941550
5.7199999999999200 -0.5047108056627790 1.0334797941960900 0.1295694251918710
5.7299999999999200 -0.4943936345048890 1.0299544373820700 0.1245739323690060
5.7399999999999200 -0.4841117169151380 1.0264290805680500 0.1196814349898800
5.7499999999999200 -0.4738650528935280 1.0229037237540300 0.1148915805188100
5.7599999999999200 -0.4636536424400580 1.0193783669400100 0.1102040164201150
5.7699999999999200 -0.4534774855547280 1.0158530101259900 0.1056183901581150
5.7799999999999200 -0.4433365822375390 1.0123276533119700 0.1011343491971270
5.7899999999999200 -0.4332309324884890 1.0088022964979500 0.0967515410014706
5.7999999999999200 -0.4231605363075800 1.0052769396839300 0.0924696130354638
5.8099999999999200 -0.4131253936948110 1.0017515828699100 0.0882882127634254
5.8199999999999200 -0.4031255046501820 0.9982262260558950 0.0842069876496739
5.8299999999999200 -0.3931608691736940 0.9947008692418760 0.0802255851585281
5.8399999999999200 -0.3832314872653450 0.9911755124278570 0.0763436527543064
5.8499999999999200 -0.3733373589251370 0.9876501556138370 0.0725608379013276
5.8599999999999200 -0.3634784841530690 0.9841247987998180 0.0688767880639100
5.8699999999999200 -0.3536548629491410 0.9805994419857990 0.0652911507063725
5.8799999999999200 -0.3438664953133530 0.9770740851717790 0.0618035732930335
5.8899999999999200 -0.3341133812457060 0.9735487283577600 0.0584137032882118
5.8999999999999200 -0.3243955207461990 0.9700233715437410 0.0551211881562258
5.9099999999999200 -0.3147129138148310 0.9664980147297210 0.0519256753613942
5.9199999999999200 -0.3050655604516050 0.9629726579157020 0.0488268123680355
5.9299999999999200 -0.2954534606565180 0.9594473011016830 0.0458242466404684
5.9399999999999200 -0.2858766144295710 0.9559219442876630 0.0429176256430115
5.9499999999999200 -0.2763350217707650 0.9523965874736440 0.0401065968399833
5.9599999999999200 -0.2668286826800990 0.9488712306596250 0.0373908076957025
5.9699999999999200 -0.2573575971575730 0.9453458738456050 0.0347699056744876
5.9799999999999200 -0.2479217652031870 0.9418205170315860 0.0322435382406573
5.9899999999999200 -0.2385211868169420 0.9382951602175670 0.0298113528585302
5.9999999999999200 -0.2291558619988360 0.9347698034035470 0.0274729969924248
6.0099999999999200 -0.2198257907488710 0.9312444465895280 0.0252281181066598
6.0199999999999200 -0.2105309730670460 0.9277190897755090 0.0230763636655537
6.0299999999999200 -0.2012714089533610 0.9241937329614890 0.0210173811334252
6.0399999999999200 -0.1920470984078170 0.9206683761474700 0.0190508179745927
6.0499999999999200 -0.1828580414304120 0.9171430193334510 0.0171763216533751
6.0599999999999200 -0.1737042380211480 0.9136176625194310 0.0153935396340908
6.0699999999999200 -0.1645856881800240 0.9100923057054120 0.0137021193810584
6.0799999999999100 -0.1555023919070400 0.9065669488913930 0.0121017083585966
6.0899999999999100 -0.1464543492021970 0.9030415920773730 0.0105919540310239
6.0999999999999100 -0.1374415600654930 0.8995162352633540 0.0091725038626589
6.1099999999999100 -0.1284640244969300 0.8959908784493350 0.0078430053178203
6.1199999999999100 -0.1195217424965070 0.8924655216353150 0.0066031058608266
6.1299999999999100 -0.1106147140642240 0.8889401648212960 0.0054524529559964
6.1399999999999100 -0.1017429392000810 0.8854148080072770 0.0043906940676483
6.1499999999999100 -0.0929064179040788 0.8818894511932570 0.0034174766601010
6.1599999999999100 -0.0841051501762165 0.8783640943792380 0.0025324481976730
6.1699999999999100 -0.0753391360164943 0.8748387375652190 0.0017352561446829
6.1799999999999100 -0.0666083754249124 0.8713133807511990 0.0010255479654494
6.1899999999999100 -0.0579128684014707 0.8677880239371800 0.0004029711242909
6.1999999999999100 -0.0492526149461692 0.8642626671231610 -0.0001328269144738
6.2099999999999100 -0.0406276150590079 0.8607373103091410 -0.0005821986865263
6.2199999999999100 -0.0320378687399868 0.8572119534951220 -0.0009454967275478
6.2299999999999100 -0.0234833759891059 0.8536865966811030 -0.0012230735732198
6.2399999999999100 -0.0149641368063651 0.8501612398670830 -0.0014152817592237
6.2499999999999100 -0.0064801511917645 0.8466358830530640 -0.0015224738212409
6.2599999999999100 0.0019685808546959 0.8431105262390450 -0.0015450022949528
6.2699999999999100 0.0103820593330160 0.8395851694250250 -0.0014832197160408
6.2799999999999100 0.0187602842431960 0.8360598126110060 -0.0013374786201863
6.2899999999999100 0.0271032555852358 0.8325344557969870 -0.0011081315430707
6.2999999999999100 0.0354109733591354 0.8290090989829670 -0.0007955310203754
6.3099999999999100 0.0436834375648947 0.8254837421689480 -0.0004000295877818
6.3199999999999100 0.0519206482025139 0.8219583853549290 0.0000780202190287
6.3299999999999100 0.0601226052719930 0.8184330285409090 0.0006382658643747
6.3399999999999100 0.0682893087733319 0.8149076717268900 0.0012803548125747
6.3499999999999100 0.0764207587065305 0.8113823149128710 0.0020039345279475
6.3599999999999100 0.0845169550715889 0.8078569580988520 0.0028086524748115
6.3699999999999100 0.0925778978685071 0.8043316012848320 0.0036941561174854
6.3799999999999100 0.1006035870972850 0.8008062444708130 0.0046600929202878
6.3899999999999100 0.1085940227579230 0.7972808876567930 0.0057061103475373
6.3999999999999100 0.1165492048504210 0.7937555308427740 0.0068318558635523
6.4099999999999100 0.1244933405079610 0.7950716006653690 0.0080370576230957
6.4199999999999100 0.1324506368637280 0.7963876704880080 0.0093217665427056
6.4299999999999100 0.1404210939177210 0.7977037403106480 0.0106861142293643
6.4399999999999100 0.1484047116699400 0.7990198101332870 0.0121302322900541
6.4499999999999100 0.1564014901203860 0.8003358799559270 0.0136542523317571
6.4599999999999100 0.1644114292690590 0.8016519497785670 0.0152583059614558
6.4699999999999100 0.1724345291159570 0.8029680196012060 0.0169425247861323
6.4799999999999100 0.1804707896610820 0.8042840894238460 0.0187070404127690
6.4899999999999100 0.1885202109044340 0.8056001592464850 0.0205519844483480
6.4999999999999100 0.1965827928460120 0.8069162290691250 0.0224774884998517
6.5099999999999100 0.2046585354858160 0.8082322988917640 0.0244836841742622
6.5199999999999100 0.2127474388238470 0.8095483687144040 0.0265707030785620
6.5299999999999100 0.2208495028601040 0.8108644385370430 0.0287386768197332
6.5399999999999100 0.2289647275945870 0.8121805083596830 0.0309877370047580
6.5499999999999000 0.2370931130272970 0.8134965781823220 0.0333180152406189
6.5599999999999000 0.2452346591582330 0.8148126480049620 0.0357296431342980
6.5699999999999000 0.2533893659873960 0.8161287178276010 0.0382227522927775
6.5799999999999000 0.2615572335147850 0.8174447876502410 0.0407974743230399
6.5899999999999000 0.2697382617404000 0.8187608574728810 0.0434539408320672
6.5999999999999000 0.2779324506642420 0.8200769272955200 0.0461922834268419
6.6099999999999000 0.2861398002863100 0.8213929971181600 0.0490126337143460
6.6199999999999000 0.2943603106066050 0.8227090669407990 0.0519151233015620
6.6299999999999000 0.3025939816251260 0.8240251367634390 0.0548998837954721
6.6399999999999000 0.3108408133418730 0.8253412065860780 0.0579670468030585
6.6499999999999000 0.3191008057568470 0.8266572764087180 0.0611167439313035
6.6599999999999000 0.3273739588700470 0.8279733462313570 0.0643491067871894
6.6699999999999000 0.3356602726814740 0.8292894160539970 0.0676642669776984
6.6799999999999000 0.3439597471911270 0.8306054858766360 0.0710623561098128
6.6899999999999000 0.3522723823990060 0.8319215556992760 0.0745435057905149
6.6999999999999000 0.3605981783051120 0.8332376255219150 0.0781078476267869
6.7099999999999000 0.3689371349094440 0.8345536953445550 0.0817555132256111
6.7199999999999000 0.3772892522120030 0.8358697651671940 0.0854866341939697
6.7299999999999000 0.3856545302127880 0.8371858349898340 0.0893013421388451
6.7399999999999000 0.3940329689117990 0.8385019048124730 0.0931997686672194
6.7499999999999000 0.4024245683090370 0.8398179746351130 0.0971820453860750
6.7599999999999000 0.4108293284045010 0.8411340444577530 0.1012483039023940
6.7699999999999000 0.4192472491981920 0.8424501142803920 0.1053986758231590
6.7799999999999000 0.4276783306901090 0.8437661841030320 0.1096332927553520
6.7899999999999000 0.4361225728802520 0.8450822539256710 0.1139522863059550
6.7999999999999000 0.4445799757686220 0.8463983237483110 0.1183557880819510
6.8099999999999000 0.4530505393552180 0.8477143935709500 0.1228439296903210
6.8199999999999000 0.4615342636400400 0.8490304633935900 0.1274168427380490
6.8299999999999000 0.4700311486230890 0.8503465332162290 0.1320746588321160
6.8399999999999000 0.4785411943043650 0.8516626030388690 0.1368175095795050
6.8499999999999000 0.4870644006838660 0.8529786728615080 0.1416455265871970
6.8599999999999000 0.4956007677615940 0.8542947426841480 0.1465588414621760
6.8699999999999000 0.5041502955375490 0.8556108125067870 0.1515575858114230
6.8799999999999000 0.5127129840117300 0.8569268823294270 0.1566418912419210
6.8899999999999000 0.5212888331841370 0.8582429521520660 0.1618118893606510
6.8999999999999000 0.5298778430547710 0.8595590219747060 0.1670677117745970
6.9099999999999000 0.5384800136236310 0.8608750917973450 0.1724094900907410
6.9199999999999000 0.5470953448907170 0.8621911616199850 0.1778373559160640
6.9299999999999000 0.5557238368560300 0.8635072314426250 0.1833514408575490
6.9399999999999000 0.5643654895195690 0.8648233012652640 0.1889518765221780
6.9499999999999000 0.5730203028813350 0.8661393710879040 0.1946387945169340
6.9599999999999000 0.5816882769413270 0.8674554409105430 0.2004123264487990
6.9699999999999000 0.5903694116995450 0.8687715107331830 0.2062726039247540
6.9799999999999000 0.5990637071559900 0.8700875805558220 0.2122197585517840
6.9899999999999000 0.6077711633106620 0.8714036503784620 0.2182539219368680
6.9999999999999000 0.6164917801635590 0.8727197202011010 0.2243752256869910
7.0099999999999000 0.6252255577146830 0.8740357900237410 0.2305838014091330
7.0199999999998900 0.6339724959640340 0.8753518598463800 0.2368797807102780
7.0299999999998900 0.6427325949116110 0.8766679296690200 0.2432632951974080
7.0399999999998900 0.6515058545574140 0.8779839994916590 0.2497344764775040
7.0499999999998900 0.6602922749014430 0.8793000693142990 0.2562934561575500
7.0599999999998900 0.6690918559436990 0.8806161391369380 0.2629403658445270
7.0699999999998900 0.6779045976841820 0.8819322089595780 0.2696753371454170
7.0799999999998900 0.6867305001228910 0.8832482787822180 0.2764985016672040
7.0899999999998900 0.6955695632598260 0.8845643486048570 0.2834099910168690
7.0999999999998900 0.7044217870949870 0.8858804184274970 0.2904099368013940
7.1099999999998900 0.7132871716283750 0.8871964882501360 0.2974984706277630
7.1199999999998900 0.7221657168599900 0.8885125580727760 0.3046757241029560
7.1299999999998900 0.7310574227898300 0.8898286278954150 0.3119418288339560
7.1399999999998900 0.7399622894178970 0.8911446977180550 0.3192969164277460
7.1499999999998900 0.7488803167441910 0.8924607675406940 0.3267411184913080
7.1599999999998900 0.7578115047687110 0.8937768373633340 0.3342745666316240
7.1699999999998900 0.7667558534914570 0.8950929071859730 0.3418973924556760
7.1799999999998900 0.7757133629124300 0.8964089770086130 0.3496097275704470
7.1899999999998900 0.7846840330316290 0.8977250468312520 0.3574117035829180
7.1999999999998900 0.7936678638490550 0.8990411166538920 0.3653034521000730
7.2099999999998900 0.8025764714983220 0.8826804131994320 0.3732848101160050
7.2199999999998900 0.8113214721130430 0.8663197097447800 0.3813544361732570
7.2299999999998900 0.8199028656932170 0.8499590062901270 0.3895106942014840
7.2399999999998900 0.8283206522388450 0.8335983028354740 0.3977519481303390
7.2499999999998900 0.8365748317499270 0.8172375993808220 0.4060765618894790
7.2599999999998900 0.8446654042264610 0.8008768959261690 0.4144828994085560
7.2699999999998900 0.8525923696684500 0.7845161924715160 0.4229693246172260
7.2799999999998900 0.8603557280758910 0.7681554890168640 0.4315342014451430
7.2899999999998900 0.8679554794487870 0.7517947855622110 0.4401758938219610
7.2999999999998900 0.8753916237871350 0.7354340821075580 0.4488927656773360
7.3099999999998900 0.8826641610909370 0.7190733786529060 0.4576831809409220
7.3199999999998900 0.8897730913601930 0.7027126751982530 0.4665455035423730
7.3299999999998900 0.8967184145949020 0.6863519717436010 0.4754780974113430
7.3399999999998900 0.9035001307950650 0.6699912682889480 0.4844793264774880
7.3499999999998900 0.9101182399606810 0.6536305648342950 0.4935475546704630
7.3599999999998900 0.9165727420917500 0.6372698613796430 0.5026811459199200
7.3699999999998900 0.9228636371882730 0.6209091579249900 0.5118784641555150
7.3799999999998900 0.9289909252502500 0.6045484544703370 0.5211378733069030
7.3899999999998900 0.9349546062776800 0.5881877510156850 0.5304577373037380
7.3999999999998900 0.9407546802705630 0.5718270475610320 0.5398364200756750
7.4099999999998900 0.9463911472289000 0.5554663441063790 0.5492722855523670
7.4199999999998900 0.9518640071526910 0.5391056406517270 0.5587636976634700
7.4299999999998900 0.9571732600419350 0.5227449371970740 0.5683090203386390
7.4399999999998900 0.9623189058966320 0.5063842337424210 0.5779066175075270
7.4499999999998900 0.9673009447167830 0.4900235302877690 0.5875548530997890
7.4599999999998900 0.9721193765023870 0.4736628268331160 0.5972520910450800
7.4699999999998900 0.9767742012534450 0.4573021233784630 0.6069966952730550
7.4799999999998900 0.9812654189699560 0.4409414199238110 0.6167870297133670
7.4899999999998800 0.9855930296519210 0.4245807164691580 0.6266214582956720
7.4999999999998800 0.9897570332993390 0.4082200130145050 0.6364983449496230
7.5099999999998800 0.9937574299122110 0.3918593095598530 0.6464160536048760
7.5199999999998800 0.9975942194905360 0.3754986061052000 0.6563729481910850
7.5299999999998800 1.0012674020343100 0.3591379026505470 0.6663673926379050
7.5399999999998800 1.0047769775435500 0.3427771991958950 0.6763977508749890
7.5499999999998800 1.0081229460182300 0.3264164957412420 0.6864623868319930
7.5599999999998800 1.0113053074583700 0.3100557922865900 0.6965596644385710
7.5699999999998800 1.0143240618639600 0.2936950888319370 0.7066879476243780
7.5799999999998800 1.0171792092350100 0.2773343853772840 0.7168456003190680
7.5899999999998800 1.0198707495715100 0.2609736819226310 0.7270309864522960
7.5999999999998800 1.0223986828734600 0.2446129784679790 0.7372424699537160
7.6099999999998800 1.0247630091408700 0.2282522750133260 0.7474784147529830
7.6199999999998800 1.0269637283737300 0.2118915715586740 0.7577371847797520
7.6299999999998800 1.0290008405720400 0.1955308681040210 0.7680171439636760
7.6399999999998800 1.0308743457358100 0.1791701646493680 0.7783166562344100
7.6499999999998800 1.0325842438650300 0.1628094611947160 0.7886340855216100
7.6599999999998800 1.0341305349597000 0.1464487577400630 0.7989677957549280
7.6699999999998800 1.0355132190198300 0.1300880542854100 0.8093161508640210
7.6799999999998800 1.0367322960454100 0.1137273508307580 0.8196775147785430
7.6899999999998800 1.0377877660364500 0.0973666473761050 0.8300502514281470
7.6999999999998800 1.0386796289929300 0.0810059439214523 0.8404327247424890
7.7099999999998800 1.0394078849148800 0.0646452404667996 0.8508232986512240
7.7199999999998800 1.0399725338022700 0.0482845370121470 0.8612203370840050
7.7299999999998800 1.0403735756551200 0.0319238335574944 0.8716222039704870
7.7399999999998800 1.0406110104734200 0.0155631301028417 0.8820272632403250
7.7499999999998800 1.0406848382571700 -0.0007975733518110 0.8924338788231730
7.7599999999998800 1.0405950590063800 -0.0171582768064636 0.9028404146486860
7.7699999999998800 1.0403416727210500 -0.0335189802611162 0.9132452346465190
7.7799999999998800 1.0399246794011600 -0.0498796837157689 0.9236467027463250
7.7899999999998800 1.0393440790467300 -0.0662403871704216 0.9340431828777590
7.7999999999998800 1.0385998716577500 -0.0826010906250743 0.9444330389704770
7.8099999999998800 1.0376920572342300 -0.0989617940797268 0.9548146349541320
7.8199999999998800 1.0366206357761600 -0.1153224975343800 0.9651863347583790
7.8299999999998800 1.0353856072835400 -0.1316832009890320 0.9755465023128730
7.8399999999998800 1.0339869717563800 -0.1480439044436850 0.9858935015472680
7.8499999999998800 1.0324247291946700 -0.1644046078983370 0.9962256963912180
7.8599999999998800 1.0306988795984100 -0.1807653113529900 1.0065414507743800
7.8699999999998800 1.0288094229676100 -0.1971260148076430 1.0168391286264000
7.8799999999998800 1.0267563593022600 -0.2134867182622950 1.0271170938769500
7.8899999999998800 1.0245396886023600 -0.2298474217169480 1.0373737104556700
7.8999999999998800 1.0221594108679200 -0.2462081251716010 1.0476073422922100
7.9099999999998800 1.0196155260989300 -0.2625688286262530 1.0578163533162400
7.9199999999998800 1.0169080342953900 -0.2789295320809060 1.0679991074574100
7.9299999999998800 1.0140369354573100 -0.2952902355355590 1.0781539686453700
7.9399999999998800 1.0110022295846800 -0.3116509389902110 1.0882793008097700
7.9499999999998700 1.0078039166775100 -0.3280116424448640 1.0983734678802800
7.9599999999998700 1.0044419967357900 -0.3443723458995170 1.1084348337865400
7.9699999999998700 1.0009164697595200 -0.3607330493541690 1.1184617624582100
7.9799999999998700 0.9972273357487030 -0.3770937528088220 1.1284526178249500
7.9899999999998700 0.9933745947033420 -0.3934544562634750 1.1384057638164100
7.9999999999998700 0.9893582466234340 -0.4098151597181270 1.1483195643622400
8.0099999999998700 0.9852481280065700 -0.4122085636544580 1.1581926161804200
8.0199999999998700 0.9811140753503450 -0.4146019675906130 1.1680244471422300
8.0299999999998700 0.9769560886547580 -0.4169953715267680 1.1778148179072900
8.0399999999998700 0.9727741679198100 -0.4193887754629220 1.1875634891352000
8.0499999999998700 0.9685683131455000 -0.4217821793990770 1.1972702214855600
8.0599999999998700 0.9643385243318280 -0.4241755833352320 1.2069347756179800
8.0699999999998700 0.9600848014787950 -0.4265689872713870 1.2165569121920600
8.0799999999998700 0.9558071445864010 -0.4289623912075410 1.2261363918674200
8.0899999999998700 0.9515055536546450 -0.4313557951436960 1.2356729753036600
8.0999999999998700 0.9471800286835270 -0.4337491990798510 1.2451664231603800
8.1099999999998700 0.9428305696730480 -0.4361426030160050 1.2546164960972000
8.1199999999998700 0.9384571766232070 -0.4385360069521600 1.2640229547737100
8.1299999999998700 0.9340598495340050 -0.4409294108883150 1.2733855598495300
8.1399999999998700 0.9296385884054410 -0.4433228148244700 1.2827040719842600
8.1499999999998700 0.9251933932375150 -0.4457162187606240 1.2919782518375100
8.1599999999998700 0.9207242640302290 -0.4481096226967790 1.3012078600688800
8.1699999999998700 0.9162312007835800 -0.4505030266329340 1.3103926573379800
8.1799999999998700 0.9117142034975700 -0.4528964305690880 1.3195324043044200
8.1899999999998700 0.9071732721721990 -0.4552898345052430 1.3286268616278000
8.1999999999998700 0.9026084068074650 -0.4576832384413980 1.3376757899677300
8.2099999999998700 0.8980196074033710 -0.4600766423775530 1.3466789499838200
8.2199999999998700 0.8934068739599150 -0.4624700463137070 1.3556361023356700
8.2299999999998700 0.8887702064770970 -0.4648634502498620 1.3645470076828800
8.2399999999998700 0.8841096049549180 -0.4672568541860170 1.3734114266850800
8.2499999999998700 0.8794250693933770 -0.4696502581221710 1.3822291200018500
8.2599999999998700 0.8747165997924740 -0.4720436620583260 1.3909998482928100
8.2699999999998700 0.8699841961522100 -0.4744370659944810 1.3997233722175700
8.2799999999998700 0.8652278584725850 -0.4768304699306360 1.4083994524357300
8.2899999999998700 0.8604475867535980 -0.4792238738667900 1.4170278496068900
8.2999999999998700 0.8556433809952490 -0.4816172778029450 1.4256083243906700
8.3099999999998700 0.8508152411975390 -0.4840106817391000 1.4341406374466600
8.3199999999998700 0.8459631673604680 -0.4864040856752540 1.4426245494344900
8.3299999999998700 0.8410871594840340 -0.4887974896114090 1.4510598210137400
8.3399999999998700 0.8361872175682390 -0.4911908935475640 1.4594462128440300
8.3499999999998700 0.8312633416130830 -0.4935842974837190 1.4677834855849700
8.3599999999998700 0.8263155316185650 -0.4959777014198730 1.4760713998961600
8.3699999999998700 0.8213437875846860 -0.4983711053560280 1.4843097164372100
8.3799999999998700 0.8163481095114450 -0.5007645092921830 1.4924981958677300
8.3899999999998700 0.8113284973988430 -0.5031579132283370 1.5006365988473100
8.3999999999998700 0.8062849512468780 -0.5055513171644920 1.5087246860355700
8.4099999999998700 0.8012174710555530 -0.5079447211006470 1.5167622180921200
8.4199999999998600 0.7961260568248660 -0.5103381250368020 1.5247489556765500
8.4299999999998600 0.7910107085548170 -0.5127315289729560 1.5326846594484800
8.4399999999998600 0.7858714262454070 -0.5151249329091110 1.5405690900675200
8.4499999999998600 0.7807082098966350 -0.5175183368452660 1.5484020081932600
8.4599999999998600 0.7755210595085020 -0.5199117407814200 1.5561831744853200
8.4699999999998600 0.7703099750810070 -0.5223051447175750 1.5639123496033000
8.4799999999998600 0.7650749566141500 -0.5246985486537300 1.5715892942068100
8.4899999999998600 0.7598160041079320 -0.5270919525898850 1.5792137689554500
8.4999999999998600 0.7545331175623530 -0.5294853565260390 1.5867855345088300
8.5099999999998600 0.7492262969774120 -0.5318787604621940 1.5943043515265600
8.5199999999998600 0.7438955423531090 -0.5342721643983490 1.6017699806682500
8.5299999999998600 0.7385408536894450 -0.5366655683345040 1.6091821825935000
8.5399999999998600 0.7331622309864200 -0.5390589722706580 1.6165407179619100
8.5499999999998600 0.7277596742440320 -0.5414523762068130 1.6238453474330900
8.5599999999998600 0.7223331834622830 -0.5438457801429680 1.6310958316666600
8.5699999999998600 0.7168827586411730 -0.5462391840791220 1.6382919313222100
8.5799999999998600 0.7114083997807010 -0.5486325880152770 1.6454334070593500
8.5899999999998600 0.7059101068808680 -0.5510259919514320 1.6525200195376900
8.5999999999998600 0.7003878799416730 -0.5534193958875860 1.6595515294168300
8.6099999999998600 0.6948417189631160 -0.5558127998237410 1.6665276973563900
8.6199999999998600 0.6892716239451980 -0.5582062037598960 1.6734482840159700
8.6299999999998600 0.6836775948879190 -0.5605996076960510 1.6803130500551600
8.6399999999998600 0.6780596317912770 -0.5629930116322050 1.6871217561335900
8.6499999999998600 0.6724177346552750 -0.5653864155683600 1.6938741629108600
8.6599999999998600 0.6667519034799100 -0.5677798195045150 1.7005700310465700
8.6699999999998600 0.6610621382651850 -0.5701732234406700 1.7072091212003200
8.6799999999998600 0.6553484390110970 -0.5725666273768240 1.7137911940317400
8.6899999999998600 0.6496108057176490 -0.5749600313129790 1.7203160102004100
8.6999999999998600 0.6438492383848380 -0.5773534352491340 1.7267833303659600
8.7099999999998600 0.6380637370126660 -0.5797468391852880 1.7331929151879800
8.7199999999998600 0.6322543016011330 -0.5821402431214430 1.7395445253260800
8.7299999999998600 0.6264209321502370 -0.5845336470575980 1.7458379214398700
8.7399999999998600 0.6205636286599810 -0.5869270509937530 1.7520728641889500
8.7499999999998600 0.6146823911303630 -0.5893204549299070 1.7582491142329400
8.7599999999998600 0.6087772195613830 -0.5917138588660620 1.7643664322314300
8.7699999999998600 0.6028481139530420 -0.5941072628022170 1.7704245788440400
8.7799999999998600 0.5968950743053390 -0.5965006667383710 1.7764233147303600
8.7899999999998600 0.5909181006182750 -0.5988940706745260 1.7823624005500100
8.7999999999998600 0.5849171928918490 -0.6012874746106810 1.7882415969625900
