7.5 -0.499941114796429
7.55 -0.499945933445914
7.6 -0.499950362518658
7.65 -0.499954433023663
7.7 -0.499958286748648
7.75 -0.499961689356808
7.8 -0.499964821075438
7.85 -0.499967703175525
7.9 -0.499970354037082
7.95 -0.499972791889999
8 -0.499975033046279
8.05 -0.499977092901446
8.1 -0.499978985304181
8.15 -0.499980723337977
8.2 -0.499982319176428
8.25 -0.499983784142337
8.3 -0.499985128684951
8.35 -0.499986362492639
8.4 -0.499987494604791
8.45 -0.499988537934711
8.50000000000001 -0.499989491846797
8.55000000000001 -0.499990374211483
8.60000000000001 -0.499991166085368
8.65000000000001 -0.4999919006502
8.70000000000001 -0.499992574304029
8.75000000000001 -0.499993192243118
8.80000000000001 -0.499993759806111
8.85000000000001 -0.499994283638325
8.90000000000001 -0.499994773914911
8.95000000000001 -0.499995189527231
9.00000000000001 -0.499995589337593
9.05000000000001 -0.499995955901839
9.10000000000001 -0.499996291588091
9.15000000000001 -0.499996599238813
9.20000000000002 -0.499996881152944
9.25000000000002 -0.499997139457224
9.30000000000002 -0.499997376103144
9.35000000000002 -0.499997592762403
9.40000000000002 -0.499997803693881
9.45000000000002 -0.499997975215974
9.50000000000002 -0.499998139665203
9.55000000000002 -0.49999829190712
9.60000000000002 -0.499998445126287
9.65000000000002 -0.499998564656975
9.70000000000002 -0.499998676398504
9.75000000000002 -0.499998783974952
9.80000000000002 -0.499998889979665
9.85000000000002 -0.499998971528378
9.90000000000003 -0.499999053744508
9.95000000000003 -0.499999129258156


1 -0.499984599792743
1.1 -0.49998517494951
1.2 -0.499986053376492
1.3 -0.499987241379429
1.4 -0.499988626969741
1.5 -0.49999020465659
1.6 -0.499991876597874
1.7 -0.49999356678289
1.8 -0.499995197627603
1.9 -0.49999666668655
2 -0.499997898574108
2.1 -0.499998838999601
2.2 -0.499999433045489
2.3 -0.499999728465557
2.4 -0.499999769210423
2.5 -0.499999737096728
2.6 -0.499999885443907
2.7 -0.500000590631518
2.8 -0.50000240049708
2.9 -0.499999766115632
3 -0.499999780271014
3.1 -0.499999787217374
3.2 -0.499999795292162
3.3 -0.499999814319616
3.4 -0.499999833295932
3.5 -0.499999850988923
3.6 -0.499999889763507
3.7 -0.499999984767378
3.8 -0.500000104444347
3.9 -0.500000295143786
4 -0.500000637841833
4.1 -0.500001212691873
4.2 -0.499999892259135
4.3 -0.499999893433644
4.4 -0.499999907187067
4.5 -0.499999905300025
4.6 -0.499999904812911
4.7 -0.499999909104583
4.8 -0.49999991268729
4.9 -0.499999911630743
5 -0.499999909638853
5.1 -0.499999914710373
5.2 -0.499999914347154
5.3 -0.499999914625488
5.4 -0.499999916903638
5.5 -0.49999991979674
5.6 -0.499999920203671
5.7 -0.499999927503028
5.8 -0.49999992701392
5.9 -0.499999926574089
6 -0.4999999249747
6.1 -0.500000123693063
6.19999999999999 -0.499999971972194
6.29999999999999 -0.499999926911743
6.39999999999999 -0.500000064584699
6.49999999999999 -0.499999924533999
6.59999999999999 -0.499999981747282
6.69999999999999 -0.499999921871297
6.79999999999999 -0.499999921623917
6.89999999999999 -0.499999921851276
6.99999999999999 -0.499999922954684
7.09999999999999 -0.499999924549363
7.19999999999999 -0.499999930511695
7.29999999999999 -0.499999948877585
7.39999999999999 -0.500000000718793
7.49999999999999 -0.499999922516725
7.59999999999999 -0.499999923099953
7.69999999999999 -0.500000043427472
7.79999999999999 -0.4999999814995
7.89999999999999 -0.499999948295127
7.99999999999999 -0.499999933688741
8.09999999999999 -0.499999929012118
8.19999999999999 -0.499999928551504
8.29999999999999 -0.499999929550334
8.39999999999999 -0.499999930486182
8.49999999999999 -0.499999940315739
8.59999999999999 -0.499999936544576
8.69999999999999 -0.499999936141346
8.79999999999999 -0.499999937296195
8.89999999999999 -0.499999955352059
8.99999999999999 -0.499999935278116
9.09999999999999 -0.499999935148063
9.19999999999999 -0.499999934993507
9.29999999999998 -0.499999934985639
9.39999999999998 -0.499999947552722
9.49999999999998 -0.499999934845174
9.59999999999998 -0.499999949391765
9.69999999999998 -0.499999934484872
9.79999999999998 -0.499999942568596
9.89999999999998 -0.49999993459502
9.99999999999998 -0.499999934688604
