    -5.00024414      3.52985799
    -4.99975586             NaN
    -4.96899414             NaN
    -4.96850586             NaN
    -4.93774414             NaN
    -4.93725586             NaN
    -4.90649414             NaN
    -4.90600586             NaN
    -4.87524414             NaN
    -4.87475586             NaN
    -4.84399414             NaN
    -4.84350586             NaN
    -4.81274414             NaN
    -4.81225586             NaN
    -4.78149414             NaN
    -4.78100586             NaN
    -4.75024414             NaN
    -4.74975586             NaN
    -4.71899414             NaN
    -4.71850586             NaN
    -4.68774414             NaN
    -4.68725586             NaN
    -4.65649414             NaN
    -4.65600586             NaN
    -4.62524414             NaN
    -4.62475586             NaN
    -4.59399414             NaN
    -4.59350586             NaN
    -4.56274414             NaN
    -4.56225586             NaN
    -4.53149414             NaN
    -4.53100586             NaN
    -4.50024414             NaN
    -4.49975586             NaN
    -4.46899414             NaN
    -4.46850586             NaN
    -4.43774414             NaN
    -4.43725586             NaN
    -4.40649414             NaN
    -4.40600586             NaN
    -4.37524414             NaN
    -4.37475586             NaN
    -4.34399414             NaN
    -4.34350586             NaN
    -4.31274414             NaN
    -4.31225586             NaN
    -4.28149414             NaN
    -4.28100586             NaN
    -4.25024414             NaN
    -4.24975586             NaN
    -4.21899414             NaN
    -4.21850586             NaN
    -4.18774414             NaN
    -4.18725586             NaN
    -4.15649414             NaN
    -4.15600586             NaN
    -4.12524414             NaN
    -4.12475586             NaN
    -4.09399414             NaN
    -4.09350586             NaN
    -4.06274414             NaN
    -4.06225586             NaN
    -4.03149414             NaN
    -4.03100586             NaN
    -4.00024414             NaN
    -3.99975586      5.14008014
    -3.96899414      0.34369898
    -3.96850586      0.32885591
    -3.93774414     -0.30183386
    -3.93725586     -0.30881713
    -3.90649414     -0.65404226
    -3.90600586     -0.65837396
    -3.87524414     -0.88476441
    -3.87475586     -0.88774606
    -3.84399414     -1.04759396
    -3.84350586     -1.04974561
    -3.81274414     -1.16632033
    -3.81225586     -1.16790138
    -3.78149414     -1.25357734
    -3.78100586     -1.25473532
    -3.75024414     -1.31685417
    -3.74975586     -1.31768053
    -3.71899414     -1.36092792
    -3.71850586     -1.36148279
    -3.68774414     -1.38900277
    -3.68725586     -1.38932732
    -3.65649414     -1.40330111
    -3.65600586     -1.40342426
    -3.62524414     -1.40539390
    -3.62475586     -1.40533619
    -3.59399414     -1.39639549
    -3.59350586     -1.39617141
    -3.56274414     -1.37708268
    -3.56225586     -1.37670211
    -3.53149414     -1.34796826
    -3.53100586     -1.34743741
    -3.50024414     -1.30934547
    -3.49975586     -1.30866731
    -3.46899414     -1.26131175
    -3.46850586     -1.26048631
    -3.43774414     -1.20377636
    -3.43725586     -1.20280072
    -3.40649414     -1.13645305
    -3.40600586     -1.13532108
    -3.37524414     -1.05883647
    -3.37475586     -1.05753833
    -3.34399414     -0.97015820
    -3.34350586     -0.96867946
    -3.31274414     -0.86931370
    -3.31225586     -0.86763388
    -3.28149414     -0.75474417
    -3.28100586     -0.75283442
    -3.25024414     -0.62424326
    -3.24975586     -0.62206246
    -3.21899414     -0.47462953
    -3.21850586     -0.47211762
    -3.18774414     -0.30116104
    -3.18725586     -0.29822661
    -3.15649414     -0.09640847
    -3.15600586     -0.09290406
    -3.12524414      0.15214628
    -3.12475586      0.15648000
    -3.09399414      0.46802814
    -3.09350586      0.47371117
    -3.06274414      0.90404541
    -3.06225586      0.91237922
    -3.03149414      1.62812572
    -3.03100586      1.64431846
    -3.00024414      6.52570013
    -2.99975586             NaN
    -2.96899414             NaN
    -2.96850586             NaN
    -2.93774414             NaN
    -2.93725586             NaN
    -2.90649414             NaN
    -2.90600586             NaN
    -2.87524414             NaN
    -2.87475586             NaN
    -2.84399414             NaN
    -2.84350586             NaN
    -2.81274414             NaN
    -2.81225586             NaN
    -2.78149414             NaN
    -2.78100586             NaN
    -2.75024414             NaN
    -2.74975586             NaN
    -2.71899414             NaN
    -2.71850586             NaN
    -2.68774414             NaN
    -2.68725586             NaN
    -2.65649414             NaN
    -2.65600586             NaN
    -2.62524414             NaN
    -2.62475586             NaN
    -2.59399414             NaN
    -2.59350586             NaN
    -2.56274414             NaN
    -2.56225586             NaN
    -2.53149414             NaN
    -2.53100586             NaN
    -2.50024414             NaN
    -2.49975586             NaN
    -2.46899414             NaN
    -2.46850586             NaN
    -2.43774414             NaN
    -2.43725586             NaN
    -2.40649414             NaN
    -2.40600586             NaN
    -2.37524414             NaN
    -2.37475586             NaN
    -2.34399414             NaN
    -2.34350586             NaN
    -2.31274414             NaN
    -2.31225586             NaN
    -2.28149414             NaN
    -2.28100586             NaN
    -2.25024414             NaN
    -2.24975586             NaN
    -2.21899414             NaN
    -2.21850586             NaN
    -2.18774414             NaN
    -2.18725586             NaN
    -2.15649414             NaN
    -2.15600586             NaN
    -2.12524414             NaN
    -2.12475586             NaN
    -2.09399414             NaN
    -2.09350586             NaN
    -2.06274414             NaN
    -2.06225586             NaN
    -2.03149414             NaN
    -2.03100586             NaN
    -2.00024414             NaN
    -1.99975586      7.62484437
    -1.96899414      2.81043490
    -1.96850586      2.79530433
    -1.93774414      2.14641614
    -1.93725586      2.13914263
    -1.90649414      1.77554566
    -1.90600586      1.77092095
    -1.87524414      1.52598184
    -1.87475586      1.52270435
    -1.84399414      1.34412746
    -1.84350586      1.34167707
    -1.81274414      1.20618941
    -1.81225586      1.20430668
    -1.78149414      1.09953012
    -1.78100586      1.09806744
    -1.75024414      1.01665646
    -1.74975586      1.01552233
    -1.71899414      0.95278733
    -1.71850586      0.95192156
    -1.68774414      0.90471439
    -1.68725586      0.90407574
    -1.65649414      0.87021095
    -1.65600586      0.86977043
    -1.62524414      0.84770163
    -1.62475586      0.84743864
    -1.59399414      0.83606749
    -1.59350586      0.83596746
    -1.56274414      0.83452701
    -1.56225586      0.83457996
    -1.53149414      0.84256248
    -1.53100586      0.84276217
    -1.50024414      0.85987563
    -1.49975586      0.86021897
    -1.46899414      0.88636377
    -1.46850586      0.88685065
    -1.43774414      0.92211220
    -1.43725586      0.92274548
    -1.40649414      0.96740158
    -1.40600586      0.96818728
    -1.37524414      1.02273142
    -1.37475586      1.02367929
    -1.34399414      1.08886412
    -1.34350586      1.08998849
    -1.31274414      1.16689795
    -1.31225586      1.16821922
    -1.28149414      1.25838523
    -1.28100586      1.25993214
    -1.25024414      1.36552557
    -1.24975586      1.36733911
    -1.21899414      1.49149340
    -1.21850586      1.49363355
    -1.18774414      1.64102340
    -1.18725586      1.64358143
    -1.15649414      1.82153731
    -1.15600586      1.82466057
    -1.12524414      2.04554537
    -1.12475586      2.04949306
    -1.09399414      2.33656431
    -1.09350586      2.34185630
    -1.06274414      2.74739391
    -1.06225586      2.75533154
    -1.03149414      3.44595289
    -1.03100586      3.46174416
    -1.00024414      8.31766304
    -0.99975586             NaN
    -0.96899414             NaN
    -0.96850586             NaN
    -0.93774414             NaN
    -0.93725586             NaN
    -0.90649414             NaN
    -0.90600586             NaN
    -0.87524414             NaN
    -0.87475586             NaN
    -0.84399414             NaN
    -0.84350586             NaN
    -0.81274414             NaN
    -0.81225586             NaN
    -0.78149414             NaN
    -0.78100586             NaN
    -0.75024414             NaN
    -0.74975586             NaN
    -0.71899414             NaN
    -0.71850586             NaN
    -0.68774414             NaN
    -0.68725586             NaN
    -0.65649414             NaN
    -0.65600586             NaN
    -0.62524414             NaN
    -0.62475586             NaN
    -0.59399414             NaN
    -0.59350586             NaN
    -0.56274414             NaN
    -0.56225586             NaN
    -0.53149414             NaN
    -0.53100586             NaN
    -0.50024414             NaN
    -0.49975586             NaN
    -0.46899414             NaN
    -0.46850586             NaN
    -0.43774414             NaN
    -0.43725586             NaN
    -0.40649414             NaN
    -0.40600586             NaN
    -0.37524414             NaN
    -0.37475586             NaN
    -0.34399414             NaN
    -0.34350586             NaN
    -0.31274414             NaN
    -0.31225586             NaN
    -0.28149414             NaN
    -0.28100586             NaN
    -0.25024414             NaN
    -0.24975586             NaN
    -0.21899414             NaN
    -0.21850586             NaN
    -0.18774414             NaN
    -0.18725586             NaN
    -0.15649414             NaN
    -0.15600586             NaN
    -0.12524414             NaN
    -0.12475586             NaN
    -0.09399414             NaN
    -0.09350586             NaN
    -0.06274414             NaN
    -0.06225586             NaN
    -0.03149414             NaN
    -0.03100586             NaN
    -0.00024414             NaN
     0.00024414      8.31762528
     0.03100586      3.45646099
     0.03149414      3.44057837
     0.06225586      2.74366246
     0.06274414      2.73561611
     0.09350586      2.32264096
     0.09399414      2.31722131
     0.12475586      2.02146827
     0.12524414      2.01737232
     0.15600586      1.78645167
     0.15649414      1.78315774
     0.18725586      1.59369226
     0.18774414      1.59093917
     0.21850586      1.43043489
     0.21899414      1.42807309
     0.24975586      1.28905512
     0.25024414      1.28699093
     0.28100586      1.16462456
     0.28149414      1.16279535
     0.31225586      1.05376879
     0.31274414      1.05213055
     0.34350586      0.95407283
     0.34399414      0.95259345
     0.37475586      0.86374658
     0.37524414      0.86240185
     0.40600586      0.78142455
     0.40649414      0.78019578
     0.43725586      0.70604012
     0.43774414      0.70491252
     0.46850586      0.63674318
     0.46899414      0.63570487
     0.49975586      0.57284445
     0.50024414      0.57188571
     0.53100586      0.51377666
     0.53149414      0.51288943
     0.56225586      0.45906681
     0.56274414      0.45824434
     0.59350586      0.40831598
     0.59399414      0.40755253
     0.62475586      0.36118425
     0.62524414      0.36047492
     0.65600586      0.31737933
     0.65649414      0.31671988
     0.68725586      0.27664778
     0.68774414      0.27603452
     0.71850586      0.23876827
     0.71899414      0.23819796
     0.74975586      0.20354612
     0.75024414      0.20301592
     0.78100586      0.17080912
     0.78149414      0.17031649
     0.81225586      0.14040401
     0.81274414      0.13994669
     0.84350586      0.11219372
     0.84399414      0.11176968
     0.87475586      0.08605505
     0.87524414      0.08566247
     0.90600586      0.06187681
     0.90649414      0.06151403
     0.93725586      0.03955819
     0.93774414      0.03922371
     0.96850586      0.01900748
     0.96899414      0.01869995
     0.99975586      0.00014096
     1.00024414     -0.00014088
     1.03100586     -0.01711809
     1.03149414     -0.01737539
     1.06225586     -0.03284016
     1.06274414     -0.03307397
     1.09350586     -0.04709022
     1.09399414     -0.04730152
     1.12475586     -0.05992831
     1.12524414     -0.06011800
     1.15600586     -0.07141005
     1.15649414     -0.07157897
     1.18725586     -0.08158710
     1.18774414     -0.08173603
     1.21850586     -0.09050756
     1.21899414     -0.09063721
     1.24975586     -0.09821628
     1.25024414     -0.09832734
     1.28100586     -0.10475519
     1.28149414     -0.10484830
     1.31225586     -0.11016358
     1.31274414     -0.11023931
     1.34350586     -0.11447828
     1.34399414     -0.11453720
     1.37475586     -0.11773393
     1.37524414     -0.11777657
     1.40600586     -0.11996313
     1.40649414     -0.11998999
     1.43725586     -0.12119664
     1.43774414     -0.12120817
     1.46850586     -0.12146349
     1.46899414     -0.12146013
     1.49975586     -0.12079113
     1.50024414     -0.12077331
     1.53100586     -0.11920556
     1.53149414     -0.11917368
     1.56225586     -0.11673146
     1.56274414     -0.11668587
     1.59350586     -0.11339221
     1.59399414     -0.11333329
     1.62475586     -0.10921008
     1.62524414     -0.10913816
     1.65600586     -0.10420623
     1.65649414     -0.10412163
     1.68725586     -0.09840084
     1.68774414     -0.09830388
     1.71850586     -0.09181315
     1.71899414     -0.09170411
     1.74975586     -0.08446152
     1.75024414     -0.08434069
     1.78100586     -0.07636350
     1.78149414     -0.07623114
     1.81225586     -0.06753588
     1.81274414     -0.06739224
     1.84350586     -0.05799471
     1.84399414     -0.05784005
     1.87475586     -0.04775540
     1.87524414     -0.04758995
     1.90600586     -0.03683270
     1.90649414     -0.03665669
     1.93725586     -0.02524079
     1.93774414     -0.02505443
     1.96850586     -0.01299326
     1.96899414     -0.01279676
     1.99975586     -0.00010321
     2.00024414      0.00010323
     2.03100586      0.01341680
     2.03149414      0.01363298
     2.06225586      0.02755466
     2.06274414      0.02778040
     2.09350586      0.04229870
     2.09399414      0.04253383
     2.12475586      0.05763769
     2.12524414      0.05788203
     2.15600586      0.07356079
     2.15649414      0.07381417
     2.18725586      0.09005754
     2.18774414      0.09031980
     2.21850586      0.10711784
     2.21899414      0.10738883
     2.24975586      0.12473194
     2.25024414      0.12501150
     2.28100586      0.14289040
     2.28149414      0.14317840
     2.31225586      0.16158411
     2.31274414      0.16188040
     2.34350586      0.18080423
     2.34399414      0.18110868
     2.37475586      0.20054223
     2.37524414      0.20085470
     2.40600586      0.22078983
     2.40649414      0.22111020
     2.43725586      0.24153900
     2.43774414      0.24186714
     2.46850586      0.26278198
     2.46899414      0.26311777
     2.49975586      0.28451121
     2.50024414      0.28485455
     2.53100586      0.30671938
     2.53149414      0.30707014
     2.56225586      0.32939938
     2.56274414      0.32975747
     2.59350586      0.35254432
     2.59399414      0.35290961
     2.62475586      0.37614749
     2.62524414      0.37651989
     2.65600586      0.40020236
     2.65649414      0.40058177
     2.68725586      0.42470261
     2.68774414      0.42508893
     2.71850586      0.44964207
     2.71899414      0.45003521
     2.74975586      0.47501475
     2.75024414      0.47541460
     2.78100586      0.50081479
     2.78149414      0.50122128
     2.81225586      0.52703652
     2.81274414      0.52744956
     2.84350586      0.55367441
     2.84399414      0.55409390
     2.87475586      0.58072305
     2.87524414      0.58114891
     2.90600586      0.60817718
     2.90649414      0.60860934
     2.93725586      0.63603168
     2.93774414      0.63647006
     2.96850586      0.66428155
     2.96899414      0.66472606
     2.99975586      0.69292190
     3.00024414      0.69337247
     3.03100586      0.72194797
     3.03149414      0.72240454
     3.06225586      0.75135512
     3.06274414      0.75181760
     3.09350586      0.78113881
     3.09399414      0.78160714
     3.12475586      0.81129460
     3.12524414      0.81176871
     3.15600586      0.84181816
     3.15649414      0.84229799
     3.18725586      0.87270527
     3.18774414      0.87319074
     3.21850586      0.90395178
     3.21899414      0.90444283
     3.24975586      0.93555364
     3.25024414      0.93605022
     3.28100586      0.96750691
     3.28149414      0.96800895
     3.31225586      0.99980772
     3.31274414      1.00031516
     3.34350586      1.03245227
     3.34399414      1.03296505
     3.37475586      1.06543687
     3.37524414      1.06595493
     3.40600586      1.09875788
     3.40649414      1.09928117
     3.43725586      1.13241176
     3.43774414      1.13294022
     3.46850586      1.16639503
     3.46899414      1.16692861
     3.49975586      1.20070428
     3.50024414      1.20124293
     3.53100586      1.23533618
     3.53149414      1.23587984
     3.56225586      1.27028745
     3.56274414      1.27083608
     3.59350586      1.30555490
     3.59399414      1.30610844
     3.62475586      1.34113537
     3.62524414      1.34169379
     3.65600586      1.37702580
     3.65649414      1.37758903
     3.68725586      1.41322316
     3.68774414      1.41379116
     3.71850586      1.44972449
     3.71899414      1.45029722
     3.74975586      1.48652687
     3.75024414      1.48710429
     3.78100586      1.52362747
     3.78149414      1.52420952
     3.81225586      1.56102348
     3.81274414      1.56161012
     3.84350586      1.59871216
     3.84399414      1.59930335
     3.87475586      1.63669080
     3.87524414      1.63728650
     3.90600586      1.67495676
     3.90649414      1.67555693
     3.93725586      1.71350744
     3.93774414      1.71411204
     3.96850586      1.75234029
     3.96899414      1.75294928
     3.99975586      1.79145280
     4.00024414      1.79206614
     4.03100586      1.83084250
     4.03149414      1.83146015
     4.06225586      1.87050697
     4.06274414      1.87112890
     4.09350586      1.91044384
     4.09399414      1.91107000
     4.12475586      1.95065075
     4.12524414      1.95128112
     4.15600586      1.99112542
     4.15649414      1.99175995
     4.18725586      2.03186558
     4.18774414      2.03250424
     4.21850586      2.07286901
     4.21899414      2.07351176
     4.24975586      2.11413352
     4.25024414      2.11478033
     4.28100586      2.15565695
     4.28149414      2.15630780
     4.31225586      2.19743720
     4.31274414      2.19809205
     4.34350586      2.23947219
     4.34399414      2.24013099
     4.37475586      2.28175985
     4.37524414      2.28242259
     4.40600586      2.32429818
     4.40649414      2.32496482
     4.43725586      2.36708520
     4.43774414      2.36775571
     4.46850586      2.41011894
     4.46899414      2.41079329
     4.49975586      2.45339749
     4.50024414      2.45407565
     4.53100586      2.49691895
     4.53149414      2.49760089
     4.56225586      2.54068146
     4.56274414      2.54136715
     4.59350586      2.58468318
     4.59399414      2.58537260
     4.62475586      2.62892231
     4.62524414      2.62961542
     4.65600586      2.67339706
     4.65649414      2.67409384
     4.68725586      2.71810567
     4.68774414      2.71880609
     4.71850586      2.76304642
     4.71899414      2.76375046
     4.74975586      2.80821761
     4.75024414      2.80892523
     4.78100586      2.85361755
     4.78149414      2.85432873
     4.81225586      2.89924459
     4.81274414      2.89995930
     4.84350586      2.94509709
     4.84399414      2.94581532
     4.87475586      2.99117346
     4.87524414      2.99189517
     4.90600586      3.03747209
     4.90649414      3.03819727
     4.93725586      3.08399144
     4.93774414      3.08472005
     4.96850586      3.13072996
     4.96899414      3.13146198
     4.99975586      3.17768613
     5.00024414      3.17842153
