    -5.00195313      4.25249794
    -4.99804688     -4.28093344
    -4.97070313     -0.29942267
    -4.96679688     -0.26606409
    -4.93945313     -0.15348533
    -4.93554688     -0.14525777
    -4.90820313     -0.10757503
    -4.90429688     -0.10399317
    -4.87695313     -0.08554421
    -4.87304688     -0.08359460
    -4.84570313     -0.07294337
    -4.84179688     -0.07175627
    -4.81445313     -0.06506626
    -4.81054688     -0.06430058
    -4.78320313     -0.05992935
    -4.77929688     -0.05942523
    -4.75195313     -0.05655844
    -4.74804688     -0.05623198
    -4.72070313     -0.05442602
    -4.71679688     -0.05422982
    -4.68945313     -0.05322876
    -4.68554688     -0.05313499
    -4.65820313     -0.05278773
    -4.65429688     -0.05278001
    -4.62695313     -0.05299948
    -4.62304688     -0.05306875
    -4.59570313     -0.05381076
    -4.59179688     -0.05395317
    -4.56445313     -0.05520540
    -4.56054688     -0.05542116
    -4.53320313     -0.05719797
    -4.52929688     -0.05749094
    -4.50195313     -0.05983214
    -4.49804688     -0.06020987
    -4.47070313     -0.06318248
    -4.46679688     -0.06365671
    -4.43945313     -0.06736003
    -4.43554688     -0.06794762
    -4.40820313     -0.07252221
    -4.40429688     -0.07324685
    -4.37695313     -0.07888915
    -4.37304688     -0.07978390
    -4.34570313     -0.08676968
    -4.34179688     -0.08788125
    -4.31445313     -0.09660378
    -4.31054688     -0.09799950
    -4.28320313     -0.10903362
    -4.27929688     -0.11081331
    -4.25195313     -0.12502794
    -4.24804688     -0.12734539
    -4.22070313     -0.14611261
    -4.21679688     -0.14921666
    -4.18945313     -0.17482976
    -4.18554688     -0.17914968
    -4.15820313     -0.21574143
    -4.15429688     -0.22208429
    -4.12695313     -0.27791600
    -4.12304688     -0.28799358
    -4.09570313     -0.38228671
    -4.09179688     -0.40045254
    -4.06445313     -0.59041740
    -4.06054688     -0.63174243
    -4.03320313     -1.19571228
    -4.02929688     -1.36262576
    -4.00195313    -21.27079537
    -3.99804688     21.39630599
    -3.97070313      1.48834120
    -3.96679688      1.32148630
    -3.93945313      0.75813358
    -3.93554688      0.71692653
    -3.90820313      0.52800009
    -3.90429688      0.51001337
    -3.87695313      0.41719512
    -3.87304688      0.40736040
    -3.84570313      0.35346190
    -3.84179688      0.34742931
    -3.81445313      0.31325846
    -3.81054688      0.30932096
    -3.78320313      0.28665423
    -3.77929688      0.28401084
    -3.75195313      0.26876305
    -3.74804688      0.26699207
    -3.72070313      0.25692908
    -3.71679688      0.25579105
    -3.68945313      0.24961379
    -3.68554688      0.24896649
    -3.65820313      0.24589599
    -3.65429688      0.24565382
    -3.62695313      0.24522611
    -3.62304688      0.24533934
    -3.59570313      0.24729830
    -3.59179688      0.24774201
    -3.56445313      0.25198245
    -3.56054688      0.25275078
    -3.53320313      0.25929004
    -3.52929688      0.26039354
    -3.50195313      0.26936149
    -3.49804688      0.27082682
    -3.47070313      0.28247011
    -3.46679688      0.28434157
    -3.43945313      0.29904168
    -3.43554688      0.30138487
    -3.40820313      0.31969265
    -3.40429688      0.32260087
    -3.37695313      0.34529411
    -3.37304688      0.34889872
    -3.34570313      0.37707526
    -3.34179688      0.38156255
    -3.31445313      0.41679249
    -3.31054688      0.42243143
    -3.28320313      0.46701314
    -3.27929688      0.47420306
    -3.25195313      0.53161292
    -3.24804688      0.54096919
    -3.22070313      0.61669794
    -3.21679688      0.62921634
    -3.18945313      0.73244109
    -3.18554688      0.74983940
    -3.15820313      0.89709667
    -3.15429688      0.92260406
    -3.12695313      1.14694630
    -3.12304688      1.18741102
    -3.09570313      1.56573286
    -3.09179688      1.63857044
    -3.06445313      2.39972384
    -3.06054688      2.56521977
    -3.03320313      4.82255050
    -3.02929688      5.49042371
    -3.00195313     85.12472599
    -2.99804688    -85.54343431
    -2.97070313     -5.90976106
    -2.96679688     -5.24206771
    -2.93945313     -2.98663169
    -2.93554688     -2.82149795
    -2.90820313     -2.06353160
    -2.90429688     -1.99124361
    -2.87695313     -1.61744591
    -2.87304688     -1.57772594
    -2.84570313     -1.35930955
    -2.84179688     -1.33475283
    -2.81445313     -1.19490970
    -2.81054688     -1.17868203
    -2.78320313     -1.08447118
    -2.77929688     -1.07336128
    -2.75195313     -1.00838638
    -2.74804688     -1.00069878
    -2.72070313     -0.95595683
    -2.71679688     -0.95072337
    -2.68945313     -0.92093838
    -2.68554688     -0.91757766
    -2.65820313     -0.89953747
    -2.65429688     -0.89769199
    -2.62695313     -0.88942360
    -2.62304688     -0.88887593
    -2.59570313     -0.88921126
    -2.59179688     -0.88983899
    -2.56445313     -0.89817964
    -2.56054688     -0.89993099
    -2.53320313     -0.91612437
    -2.52929688     -0.91900611
    -2.50195313     -0.94329132
    -2.49804688     -0.94736493
    -2.47070313     -0.98036990
    -2.46679688     -0.98575447
    -2.43945313     -1.02853984
    -2.43554688     -1.03542186
    -2.40820313     -1.08957750
    -2.40429688     -1.09822914
    -2.37695313     -1.16604201
    -2.37304688     -1.17685174
    -2.34570313     -1.26158187
    -2.34179688     -1.27510453
    -2.31445313     -1.38143916
    -2.31054688     -1.39847906
    -2.28320313     -1.53329899
    -2.27929688     -1.55505260
    -2.25195313     -1.72878030
    -2.24804688     -1.75709329
    -2.22070313     -1.98620099
    -2.21679688     -2.02406117
    -2.18945313     -2.33608652
    -2.18554688     -2.38864857
    -2.15820313     -2.83321351
    -2.15429688     -2.91016709
    -2.12695313     -3.58644732
    -2.12304688     -3.70834028
    -2.09570313     -4.84704411
    -2.09179688     -5.06612696
    -2.06445313     -7.35384122
    -2.06054688     -7.85097535
    -2.03320313    -14.62777526
    -2.02929688    -16.63212338
    -2.00195313   -255.54043721
    -1.99804688    256.46322591
    -1.97070313     17.55614564
    -1.96679688     15.55215010
    -1.93945313      8.77906385
    -1.93554688      8.28263950
    -1.90820313      6.00116905
    -1.90429688      5.78316260
    -1.87695313      4.65331607
    -1.87304688      4.53288059
    -1.84570313      3.86819143
    -1.84179688      3.79309641
    -1.81445313      3.36301735
    -1.81054688      3.31274111
    -1.78320313      3.01830358
    -1.77929688      2.98318965
    -1.75195313      2.77503204
    -1.74804688      2.74996716
    -1.72070313      2.60087474
    -1.71679688      2.58292228
    -1.68945313      2.47682061
    -1.68554688      2.46419782
    -1.65820313      2.39115330
    -1.65429688      2.38274103
    -1.62695313      2.33647409
    -1.62304688      2.33156323
    -1.59570313      2.30812844
    -1.59179688      2.30628190
    -1.56445313      2.30333957
    -1.56054688      2.30431547
    -1.53320313      2.32072912
    -1.52929688      2.32443929
    -1.50195313      2.36007066
    -1.49804688      2.36656199
    -1.47070313      2.42220298
    -1.46679688      2.43165605
    -1.43945313      2.50907473
    -1.43554688      2.52181847
    -1.40820313      2.62392395
    -1.40429688      2.64046890
    -1.37695313      2.77162720
    -1.37304688      2.79272435
    -1.34570313      2.95929653
    -1.34179688      2.98603580
    -1.31445313      3.19727619
    -1.31054688      3.23125142
    -1.28320313      3.50083305
    -1.27929688      3.54442654
    -1.25195313      3.89313220
    -1.24804688      3.95002809
    -1.22070313      4.41076275
    -1.21679688      4.48693248
    -1.18945313      5.11475194
    -1.18554688      5.22050341
    -1.15820313      6.11465026
    -1.15429688      6.26936388
    -1.12695313      7.62820534
    -1.12304688      7.87298025
    -1.09570313     10.15796550
    -1.09179688     10.59730854
    -1.06445313     15.18166048
    -1.06054688     16.17730271
    -1.03320313     29.74123837
    -1.02929688     33.75151600
    -1.00195313    511.57997684
    -0.99804688   -512.42554709
    -0.97070313    -34.59795107
    -0.96679688    -30.58792021
    -0.93945313    -17.02658283
    -0.93554688    -16.03143701
    -0.90820313    -11.45144954
    -0.90429688    -11.01285847
    -0.87695313     -8.73405614
    -0.87304688     -8.49029782
    -0.84570313     -7.13953302
    -0.84179688     -6.98611312
    -0.81445313     -6.10203734
    -0.81054688     -5.99787306
    -0.78320313     -5.38224838
    -0.77929688     -5.30798002
    -0.75195313     -4.86172606
    -0.74804688     -4.80707151
    -0.72070313     -4.47533329
    -0.71679688     -4.43435290
    -0.68945313     -4.18447231
    -0.68554688     -4.15352094
    -0.65820313     -3.96501788
    -0.65429688     -3.94176104
    -0.62695313     -3.80133383
    -0.62304688     -3.78423642
    -0.59570313     -3.68308776
    -0.59179688     -3.67113232
    -0.56445313     -3.60346679
    -0.56054688     -3.59599231
    -0.53320313     -3.55814914
    -0.52929688     -3.55475774
    -0.50195313     -3.54471551
    -0.49804688     -3.54522080
    -0.47070313     -3.56234149
    -0.46679688     -3.56674550
    -0.43945313     -3.61169547
    -0.43554688     -3.62018863
    -0.40820313     -3.69501790
    -0.40429688     -3.70800222
    -0.37695313     -3.81640073
    -0.37304688     -3.83454144
    -0.34570313     -3.98233459
    -0.34179688     -4.00665350
    -0.31445313     -4.20266968
    -0.31054688     -4.23470645
    -0.28320313     -4.49227992
    -0.27929688     -4.53437379
    -0.25195313     -4.87401902
    -0.24804688     -4.92982021
    -0.22070313     -5.38423188
    -0.21679688     -5.45968542
    -0.18945313     -6.08375768
    -0.18554688     -6.18915151
    -0.15820313     -7.08200704
    -0.15429688     -7.23670713
    -0.12695313     -8.59662985
    -0.12304688     -8.84172587
    -0.09570313    -11.13011454
    -0.09179688    -11.57010835
    -0.06445313    -16.16016594
    -0.06054688    -17.15678784
    -0.03320313    -30.72874042
    -0.02929688    -34.74032995
    -0.00195313   -512.57915648
     0.00195313    511.42470704
     0.02929688     33.58433865
     0.03320313     29.57230516
     0.06054688     15.99567617
     0.06445313     14.99816054
     0.09179688     10.40024208
     0.09570313      9.95889333
     0.12304688      7.65935770
     0.12695313      7.41242786
     0.15429688      6.03792528
     0.15820313      5.88088809
     0.18554688      4.96982330
     0.18945313      4.86155718
     0.21679688      4.21539368
     0.22070313      4.13649217
     0.24804688      3.65579004
     0.25195313      3.59591476
     0.27929688      3.22538663
     0.28320313      3.17853025
     0.31054688      2.88499746
     0.31445313      2.84743325
     0.34179688      2.60978712
     0.34570313      2.57908189
     0.37304688      2.38325808
     0.37695313      2.35775663
     0.40429688      2.19402685
     0.40820313      2.17256460
     0.43554688      2.03398806
     0.43945313      2.01572222
     0.46679688      1.89721621
     0.47070313      1.88152213
     0.49804688      1.77928100
     0.50195313      1.76568611
     0.52929688      1.67680525
     0.53320313      1.66494562
     0.56054688      1.58717083
     0.56445313      1.57676182
     0.59179688      1.50831783
     0.59570313      1.49913369
     0.62304688      1.43860416
     0.62695313      1.43046368
     0.65429688      1.37670549
     0.65820313      1.36946162
     0.68554688      1.32154259
     0.68945313      1.31507483
     0.71679688      1.27222769
     0.72070313      1.26643641
     0.74804688      1.22802430
     0.75195313      1.22282648
     0.77929688      1.18831678
     0.78320313      1.18364272
     0.81054688      1.15258688
     0.81445313      1.14837770
     0.84179688      1.12039563
     0.84570313      1.11660128
     0.87304688      1.09136901
     0.87695313      1.08794672
     0.90429688      1.06518672
     0.90820313      1.06209977
     0.93554688      1.04157318
     0.93945313      1.03878987
     0.96679688      1.02029019
     0.97070313      1.01778309
     0.99804688      1.00113115
     1.00195313      0.99887638
     1.02929688      0.98391617
     1.03320313      0.98189294
     1.06054688      0.96848821
     1.06445313      0.96667832
     1.09179688      0.95470972
     1.09570313      0.95309721
     1.12304688      0.94246003
     1.12695313      0.94103088
     1.15429688      0.93163300
     1.15820313      0.93037487
     1.18554688      0.92213518
     1.18945313      0.92103720
     1.21679688      0.91388418
     1.22070313      0.91293675
     1.24804688      0.90680730
     1.25195313      0.90600196
     1.27929688      0.90084041
     1.28320313      0.90016970
     1.31054688      0.89592695
     1.31445313      0.89538428
     1.34179688      0.89201708
     1.34570313      0.89159667
     1.37304688      0.88906698
     1.37695313      0.88876373
     1.40429688      0.88703820
     1.40820313      0.88684766
     1.43554688      0.88589714
     1.43945313      0.88581543
     1.46679688      0.88561460
     1.47070313      0.88563835
     1.49804688      0.88616534
     1.50195313      0.88629166
     1.52929688      0.88752778
     1.53320313      0.88775421
     1.56054688      0.88968365
     1.56445313      0.89000813
     1.59179688      0.89261778
     1.59570313      0.89303862
     1.62304688      0.89631782
     1.62695313      0.89683367
     1.65429688      0.90077410
     1.65820313      0.90138392
     1.68554688      0.90597939
     1.68945313      0.90668245
     1.71679688      0.91192883
     1.72070313      0.91272468
     1.74804688      0.91861974
     1.75195313      0.91950819
     1.77929688      0.92605155
     1.78320313      0.92703267
     1.81054688      0.93422570
     1.81445313      0.93529981
     1.84179688      0.94314554
     1.84570313      0.94431319
     1.87304688      0.95281630
     1.87695313      0.95407828
     1.90429688      0.96324503
     1.90820313      0.96460233
     1.93554688      0.97444053
     1.93945313      0.97589439
     1.96679688      0.98641337
     1.97070313      0.98796522
     1.99804688      0.99917581
     2.00195313      1.00082731
     2.02929688      1.01274184
     2.03320313      1.01449486
     2.06054688      1.02712714
     2.06445313      1.02898375
     2.09179688      1.04234909
     2.09570313      1.04431159
     2.12304688      1.05842679
     2.12695313      1.06049769
     2.15429688      1.07538106
     2.15820313      1.07756309
     2.18554688      1.09323448
     2.18945313      1.09553058
     2.21679688      1.11201141
     2.22070313      1.11442474
     2.24804688      1.13173801
     2.25195313      1.13427199
     2.27929688      1.15244232
     2.28320313      1.15510057
     2.31054688      1.17415426
     2.31445313      1.17694067
     2.34179688      1.19690573
     2.34570313      1.19982442
     2.37304688      1.22073064
     2.37695313      1.22378600
     2.40429688      1.24566497
     2.40820313      1.24886164
     2.43554688      1.27174687
     2.43945313      1.27508979
     2.46679688      1.29901673
     2.47070313      1.30251109
     2.49804688      1.32751722
     2.50195313      1.33116853
     2.52929688      1.35729345
     2.53320313      1.36110753
     2.56054688      1.38839304
     2.56445313      1.39237601
     2.59179688      1.42086619
     2.59570313      1.42502452
     2.62304688      1.45476584
     2.62695313      1.45910635
     2.65429688      1.49014778
     2.65820313      1.49467763
     2.68554688      1.52707074
     2.68945313      1.53179750
     2.71679688      1.56559657
     2.72070313      1.57052821
     2.74804688      1.60579037
     2.75195313      1.61093525
     2.77929688      1.64772064
     2.78320313      1.65308756
     2.81054688      1.69145942
     2.81445313      1.69705766
     2.84179688      1.73708250
     2.84570313      1.74292180
     2.87304688      1.78466959
     2.87695313      1.79076020
     2.90429688      1.83430449
     2.90820313      1.84065718
     2.93554688      1.88607533
     2.93945313      1.89270143
     2.96679688      1.94007473
     2.97070313      1.94698615
     2.99804688      1.99640011
     3.00195313      2.00360936
     3.02929688      2.05515385
     3.03320313      2.06267412
     3.06054688      2.11644362
     3.06445313      2.12428873
     3.09179688      2.18038257
     3.09570313      2.18856707
     3.12304688      2.24708969
     3.12695313      2.25562888
     3.15429688      2.31669006
     3.15820313      2.32560002
     3.18554688      2.38931521
     3.18945313      2.39861284
     3.21679688      2.46510342
     3.22070313      2.47480651
     3.24804688      2.54420010
     3.25195313      2.55432734
     3.27929688      2.62675817
     3.28320313      2.63732923
     3.31054688      2.71293846
     3.31445313      2.72397401
     3.34179688      2.80291010
     3.34570313      2.81443190
     3.37304688      2.89685103
     3.37695313      2.90888195
     3.40429688      2.99494840
     3.40820313      3.00751252
     3.43554688      3.09739913
     3.43945313      3.11052177
     3.46679688      3.20441040
     3.47070313      3.21811821
     3.49804688      3.31620024
     3.50195313      3.33052126
     3.52929688      3.43299809
     3.53320313      3.44796184
     3.56054688      3.55504546
     3.56445313      3.57068300
     3.59179688      3.68259655
     3.59570313      3.69894060
     3.62304688      3.81591900
     3.62695313      3.83300398
     3.65429688      3.95529459
     3.65820313      3.97315676
     3.68554688      4.10102004
     3.68945313      4.11969759
     3.71679688      4.25340787
     3.72070313      4.27294100
     3.74804688      4.41278721
     3.75195313      4.43321829
     3.77929688      4.57950481
     3.78320313      4.60087847
     3.81054688      4.75392598
     3.81445313      4.77628923
     3.84179688      4.93643563
     3.84570313      4.95983802
     3.87304688      5.12743939
     3.87695313      5.15193315
     3.90429688      5.32736481
     3.90820313      5.35300497
     3.93554688      5.53666253
     3.93945313      5.56350712
     3.96679688      5.75580765
     3.97070313      5.78391784
     3.99804688      5.98530112
     4.00195313      6.01474139
     4.02929688      6.22567114
     4.03320313      6.25650958
     4.06054688      6.47747490
     4.06445313      6.50978323
     4.09179688      6.74130002
     4.09570313      6.77515392
     4.12304688      7.01776644
     4.12695313      7.05324577
     4.15429688      7.30752823
     4.15820313      7.34471725
     4.18554688      7.61127560
     4.18945313      7.65026323
     4.21679688      7.92973697
     4.22070313      7.97061705
     4.24804688      8.26368118
     4.25195313      8.30655278
     4.27929688      8.61391986
     4.28320313      8.65888757
     4.31054688      8.98130993
     4.31445313      9.02848417
     4.34179688      9.36675622
     4.34570313      9.41625360
     4.37304688      9.77121430
     4.37695313      9.82315799
     4.40429688     10.19569347
     4.40820313     10.25021356
     4.43554688     10.64125989
     4.43945313     10.69849381
     4.46679688     11.10903996
     4.47070313     11.16913292
     4.49804688     11.60022389
     4.50195313     11.66332934
     4.52929688     12.11606944
     4.53320313     12.18234956
     4.56054688     12.65790600
     4.56445313     12.72753220
     4.59179688     13.22713879
     4.59570313     13.30029227
     4.62304688     13.82525341
     4.62695313     13.90212576
     4.65429688     14.45382065
     4.65820313     14.53461446
     4.68554688     15.11450160
     4.68945313     15.19943113
     4.71679688     15.80905306
     4.72070313     15.89834492
     4.74804688     16.53933332
     4.75195313     16.63322722
     4.77929688     17.30730823
     4.78320313     17.40605780
     4.81054688     18.11505778
     4.81445313     18.21893138
     4.84179688     18.96478296
     4.84570313     19.07406458
     4.87304688     19.85881312
     4.87695313     19.97380334
     4.90429688     20.79961377
     4.90820313     20.92063076
     4.93554688     21.78979491
     4.93945313     21.91717550
     4.96679688     22.83211980
     4.97070313     22.96622066
     4.99804688     23.92951442
     5.00195313     24.07071310
