    -3.00000000     -0.99997789
    -2.93750000     -0.99996735
    -2.87500000     -0.99995212
    -2.81250000     -0.99993032
    -2.75000000     -0.99989934
    -2.68750000     -0.99985566
    -2.62500000     -0.99979456
    -2.56250000     -0.99970976
    -2.50000000     -0.99959296
    -2.43750000     -0.99943336
    -2.37500000     -0.99921695
    -2.31250000     -0.99892581
    -2.25000000     -0.99853715
    -2.18750000     -0.99802237
    -2.12500000     -0.99734583
    -2.06250000     -0.99646362
    -2.00000000     -0.99532214
    -1.93750000     -0.99385670
    -1.87500000     -0.99198997
    -1.81250000     -0.98963057
    -1.75000000     -0.98667165
    -1.68750000     -0.98298974
    -1.62500000     -0.97844379
    -1.56250000     -0.97287471
    -1.50000000     -0.96610527
    -1.43750000     -0.95794074
    -1.37500000     -0.94817021
    -1.31250000     -0.93656870
    -1.25000000     -0.92290022
    -1.18750000     -0.90692177
    -1.12500000     -0.88838823
    -1.06250000     -0.86705821
    -1.00000000     -0.84270069
    -0.93750000     -0.81510227
    -0.87500000     -0.78407493
    -0.81250000     -0.74946391
    -0.75000000     -0.71115557
    -0.68750000     -0.66908466
    -0.62500000     -0.62324095
    -0.56250000     -0.57367458
    -0.50000000     -0.52050002
    -0.43750000     -0.46389824
    -0.37500000     -0.40411694
    -0.31250000     -0.34146857
    -0.25000000     -0.27632626
    -0.18750000     -0.20911756
    -0.12500000     -0.14031619
    -0.06250000     -0.07043210
     0.00000000      0.00000000
     0.06250000      0.07043210
     0.12500000      0.14031619
     0.18750000      0.20911756
     0.25000000      0.27632626
     0.31250000      0.34146857
     0.37500000      0.40411694
     0.43750000      0.46389824
     0.50000000      0.52050002
     0.56250000      0.57367458
     0.62500000      0.62324095
     0.68750000      0.66908466
     0.75000000      0.71115557
     0.81250000      0.74946391
     0.87500000      0.78407493
     0.93750000      0.81510227
     1.00000000      0.84270069
     1.06250000      0.86705821
     1.12500000      0.88838823
     1.18750000      0.90692177
     1.25000000      0.92290022
     1.31250000      0.93656870
     1.37500000      0.94817021
     1.43750000      0.95794074
     1.50000000      0.96610527
     1.56250000      0.97287471
     1.62500000      0.97844379
     1.68750000      0.98298974
     1.75000000      0.98667165
     1.81250000      0.98963057
     1.87500000      0.99198997
     1.93750000      0.99385670
     2.00000000      0.99532214
     2.06250000      0.99646362
     2.12500000      0.99734583
     2.18750000      0.99802237
     2.25000000      0.99853715
     2.31250000      0.99892581
     2.37500000      0.99921695
     2.43750000      0.99943336
     2.50000000      0.99959296
     2.56250000      0.99970976
     2.62500000      0.99979456
     2.68750000      0.99985566
     2.75000000      0.99989934
     2.81250000      0.99993032
     2.87500000      0.99995212
     2.93750000      0.99996735
     3.00000000      0.99997789
