0 0 1
0.0562024709588682 0.0561728830018423 0.998420641129059
0.111289385265123 0.111059748250964 0.993812927632234
0.165992997156855 0.16523161812584 0.986253603126661
0.220624226494702 0.218838490565269 0.975759514834827
0.275340171712414 0.271873871654273 0.962330903318857
0.330242056382142 0.324271366428367 0.94596167687901
0.385412192071564 0.375940226099247 0.926641024542376
0.44092849621483 0.426778150457081 0.904352951829785
0.496870764081521 0.476675508430031 0.879075363972402
0.553324028259297 0.52551624686968 0.850778975211884
0.610381064086023 0.573177424239665 0.819425987201375
0.668144902593231 0.619528042774295 0.784968397860441
0.726731805733853 0.664427359537623 0.747345759778367
0.786275071007044 0.707722641133924 0.706482142553927
0.846930104336824 0.749246196068555 0.662281938190954
0.90885423708017 0.788794691391338 0.614645376657619
0.97038735550309 0.825098554617328 0.564975385498158
1.0309996708385 0.857806407346705 0.513957055787373
1.09060539672991 0.886899225084503 0.461944154195302
1.14927416015866 0.91245900581781 0.409145711951839
1.20711990447243 0.934586541771245 0.355708750040765
1.26426131805234 0.953375403038339 0.301753496006509
1.32080949364469 0.968905616242244 0.247388130485813
1.37686541074521 0.981243642667579 0.19271500220547
1.43252066606601 0.990444003469621 0.137833361849047
1.48785907292199 0.9965510513531 0.0828406966200488
1.5429583289851 0.999600473916793 0.0278335092729752
1.59789152607204 0.999620463321229 -0.0270921193372846
1.65272847344487 0.996632584031255 -0.081840046996808
1.70753686723186 0.990652386005867 -0.136313608040787
1.76238335279951 0.981689802932165 -0.190415144243461
1.81733452706277 0.969749362410223 -0.244045510880236
1.87245792544962 0.95483022242224 -0.297103542569113
1.92782303754944 0.93692603662014 -0.349485462330985
1.98350239787321 0.916024639226362 -0.401084214008516
2.03957280456458 0.892107527447927 -0.451788692958174
2.09611673050168 0.865149103648176 -0.501482842334876
2.15322400995151 0.835115618888723 -0.550044571349889
2.2109939130391 0.801963730545646 -0.597344435958389
2.2695377652783 0.7656385442798 -0.643243998831717
2.32898233971149 0.726070945972648 -0.687593749706079
2.38947436137175 0.683173927167883 -0.73023041157966
2.45118664783061 0.636837440673202 -0.770973369079842
2.51328397836251 0.587764973515817 -0.809007391875754
2.57469714089354 0.537004101760539 -0.843555590955202
2.63513371342781 0.485072803796184 -0.874449944237764
2.69459292713172 0.432251871599261 -0.901729232720799
2.75317002152104 0.378719812541086 -0.925487770453658
2.81098314945433 0.32461136678107 -0.94582389500292
2.86814839688956 0.270042164612943 -0.96282486477556
2.92477275138241 0.215119042077318 -0.976564095634906
2.98095336843596 0.159944443435318 -0.987102112705586
3.03677880343541 0.104618429314265 -0.994488301414461
3.09233067736771 0.049239728568674 -0.998762561255419
3.14768528556132 -0.00609358622210575 -0.999956644695236
3.20291503085204 -0.0612835664092704 -0.998095172318107
3.25808968682037 -0.116231902292419 -0.993196366255993
3.31327753255914 -0.17083944283096 -0.985272545861764
3.36854640707721 -0.225005696879141 -0.974330418537048
3.4239647303877 -0.278628298795165 -0.960371185559816
3.47960253712368 -0.331602421600997 -0.943390470194713
3.53553256986344 -0.383820118308871 -0.923378063140167
3.59183148447811 -0.435169567341106 -0.900317467406822
3.64858122989035 -0.485534190959415 -0.874185209508526
3.70587068139038 -0.534791605480057 -0.844949864301828
3.76379763299099 -0.582812347319171 -0.812570713902519
3.82247129511271 -0.629458297168125 -0.776995922108541
3.8820155075337 -0.674580691821111 -0.73816004688299
3.94257297860452 -0.718017562516077 -0.695980621316178
4.00431102646755 -0.759590358033364 -0.650353384124457
4.0669396009947 -0.798804751623934 -0.601536968720749
4.1290360282518 -0.834593960643342 -0.550806172300915
4.19017041573714 -0.866686572202102 -0.498786268512306
4.25029574422236 -0.895091631510123 -0.445806280378891
4.30949586798491 -0.919899509273663 -0.392066498157407
4.36788970156571 -0.941212409177045 -0.33771212474683
4.42559765833485 -0.959123052303747 -0.282864500828759
4.48273158516423 -0.973709993774888 -0.2276341722544
4.53939307514898 -0.985038123670196 -0.172126422423593
4.59567448702402 -0.993160425324188 -0.116443740724176
4.65166063958392 -0.998119751164772 -0.060687063720571
4.70743051143733 -0.999950291215831 -0.00495653188103599
4.76305876805758 -0.998678697683552 0.050647939653036
4.8186171051816 -0.994324904848897 0.106026154702283
4.87417544782711 -0.986902691906765 0.161077141385502
4.92980305502498 -0.976420026161696 0.215698642105925
4.98556958001671 -0.962879210253464 0.269786569526109
5.04154613412395 -0.946276843671138 0.323234411095202
5.0978064032734 -0.92660359589217 0.375932562473082
5.15442787074475 -0.903843775042968 0.427767565643847
5.21149320929681 -0.877974660479132 0.478621220571431
5.26909192212365 -0.848965548032484 0.528369529170631
5.32732233793444 -0.816776429845752 0.576881415714274
5.38629410564229 -0.781356192031693 0.624017146179568
5.44613139690078 -0.742640155178836 0.669626336475532
5.50697712437237 -0.700546691825884 0.713545389217366
5.56899864591141 -0.65497250793114 0.755594118804923
5.63210497732023 -0.60601719955101 0.79539505442642
5.69473114885465 -0.555048802497634 0.831762998413444
5.75639285566422 -0.502738183356671 0.864385316054088
5.8170260466746 -0.449435727594768 0.89326035260929
5.87671166070838 -0.395352060739314 0.918478210228476
5.93557042770372 -0.340637960056677 0.940143742130508
5.99372580860406 -0.285418334197435 0.958352700304352
6.05129273577586 -0.229806454352366 0.973186314702642
6.10837558511573 -0.173909969008536 0.984711657553
6.16506915084129 -0.117833572719352 0.992983441496453
6.22146038584512 -0.0616803338014047 0.998045871019938
6.27763016648152 -0.00555249270913719 0.999934180580103
6.33365488155142 0.0504479426670459 0.998675813615663
6.38960782963808 0.106218672159923 0.994291281994207
6.44556046476107 0.161656591746889 0.986794755900966
6.50158354266566 0.216657266187052 0.976194423763827
6.55774821996613 0.271114366082239 0.96249264735751
6.61412715679501 0.324919050998806 0.945685923043066
6.67079567444575 0.37795927797307 0.925764646423014
6.72783302436671 0.43011900989392 0.902712663462861
6.78532383506877 0.481277290863565 0.876506574698391
6.84335982089295 0.531307144870037 0.847114738261801
6.90204186422351 0.580074238408939 0.814495888853112
6.96148262585202 0.627435224459502 0.778597248375127
7.02180990576727 0.673235650097608 0.73935194137273
7.08317108439648 0.717307255566077 0.696675430247843
7.14573915069259 0.75946440563537 0.650460525527178
7.20925599803188 0.799219839501129 0.600942070806474
7.27223831900559 0.8354583812661 0.549446729084703
7.33423709591672 0.867895895326752 0.496626519894625
7.3952027328969 0.896541390131289 0.442824538061826
7.45522211060087 0.921488669158405 0.388249389404673
7.51441858296785 0.942843689898897 0.333052113338766
7.57291699412165 0.960702361561927 0.277358849915019
7.63083322942396 0.975145724346235 0.221284520435522
7.68827250157701 0.98624052244337 0.16493862069612
7.74533044910427 0.994041068206917 0.108427806599052
7.80209492953063 0.99859110828185 0.0518571962846517
7.85864781224657 0.999925357701509 -0.0046688327560554
7.91506658866573 0.998070667242285 -0.0610460386545214
7.97142579098983 0.993046866863545 -0.117169774616164
8.02779826284652 0.98486733564511 -0.172934457198696
8.08425633621826 0.973539337044591 -0.228233014387703
8.1408729688828 0.95906414317556 -0.282956292901672
8.1977228954681 0.941436956994188 -0.336992405012941
8.25488384691613 0.920646626800596 -0.390225992257962
8.31243789934237 0.896675132072698 -0.442537377806741
8.37047302546834 0.8694968014883 -0.493801570770641
8.42908494220477 0.839077200462273 -0.543887073338242
8.48837938027992 0.805371592795963 -0.592654423467989
8.54847495236594 0.768322833036504 -0.639954378790796
8.60950687589604 0.727858472732799 -0.685625606091232
8.67163193507326 0.683886747226335 -0.729491676079046
8.73503527896005 0.636290917587597 -0.7713570586963
8.79890093266465 0.585763525503068 -0.810393454858921
8.86206573323243 0.533440685694964 -0.845751836977552
8.92421013476515 0.479885719210332 -0.877247735996088
8.98533193318118 0.425403749196009 -0.904922307459211
9.04553327343749 0.370188245294028 -0.92887690375374
9.10494107814079 0.31438491644473 -0.949216901966529
9.16367994056596 0.258118703541696 -0.966035375551414
9.22186456986207 0.201505084342891 -0.979410209786216
9.2795990736242 0.144654899923576 -0.989405221966193
9.3369783582845 0.0876765586036797 -0.99607211195321
9.39408998577596 0.0306771954542695 -0.999452277670252
9.4510159594765 -0.0262365758045557 -0.999578267933665
9.50783431655792 -0.082958062189361 -0.996474868782341
9.56462053794921 -0.139379936374581 -0.990159871967894
9.62144882544623 -0.195393679273494 -0.98064457413288
9.67839330268509 -0.250888993232554 -0.967934041446924
9.73552919612223 -0.30575316466716 -0.952027158664244
9.79293405211988 -0.359870354350771 -0.932916466147583
9.85068904982595 -0.413120789409728 -0.910587772858236
9.90888047846868 -0.465379823994186 -0.885019516067206
9.96760146382868 -0.516516825049129 -0.856181817330398
10.0269540549517 -0.566393824170727 -0.824035155848607
10.0870518236123 -0.61486385369199 -0.788528539741293
10.148023194209 -0.66176885067229 -0.749596994927924
10.2100158256993 -0.706936959146325 -0.707158096413452
10.2732025369898 -0.750178976077649 -0.661107113101304
10.3377895536598 -0.791283546581143 -0.611310078607635
10.4019680016365 -0.82885994778927 -0.559302636029813
10.4651585644695 -0.862524236883532 -0.505844705222708
10.527270707375 -0.892259359432509 -0.451330169646751
10.5883842251742 -0.91815833158098 -0.395992176555769
10.6486267238106 -0.94033338934778 -0.339994921398442
10.7081302371653 -0.958887638996302 -0.283472895004288
10.7670179172534 -0.973908456676611 -0.226547354121189
10.8254015101692 -0.98546773744934 -0.169333272356901
10.8833823531651 -0.993623860334209 -0.111942406099935
10.9410532815804 -0.998423739538347 -0.0544848034089325
10.9985005795721 -0.999904527630855 0.00293029978953928
11.055805739611 -0.998094914314481 0.0601938164938053
11.1130470108016 -0.993016064848471 0.117196224183108
11.1703007813303 -0.984682254501643 0.173826992683572
11.2276428550549 -0.973101243237926 0.229973990495734
11.2851496826087 -0.958274417882824 0.285522846244371
11.3428996062246 -0.940196712251152 0.340356243206656
11.4009741793915 -0.918856299315767 0.394353121666429
11.459459629469 -0.894234032066864 0.44738775747324
11.518448545304 -0.866302589085358 0.499328675450912
11.578041895324 -0.835025253992211 0.550037342010213
11.6383515189378 -0.800354220304131 0.599366560239655
11.6995032929385 -0.762228257577771 0.64715845909089
11.7616412682208 -0.720569488817858 0.693241919598275
11.8249332242357 -0.675278891304531 0.737429204098776
11.8895783432564 -0.626229903213748 0.779511428654087
11.9543760686893 -0.574439992615291 0.818424820732173
12.0183510602705 -0.520941453352997 0.853474721799062
12.0812629122625 -0.466252279638119 0.884537510155911
12.1431416864204 -0.410660476177006 0.911676778520597
12.2041029217841 -0.354354893621514 0.935001623166331
12.2642796100306 -0.297481949775618 0.954619727577102
12.3237996687048 -0.240169540439114 0.970624480507361
12.382780174486 -0.182537070149601 0.983093332938189
12.4413273441951 -0.124699772527595 0.992089346866115
12.4995382165545 -0.0667707278306551 0.997663279763243
12.5575026349103 -0.00886196850262343 0.999855427508646
12.6153051052918 0.0489147668079474 0.998697064661789
12.673026446628 0.106447404553092 0.994211500443615
12.730745260801 0.163622938188864 0.986414805234544
12.7885392802654 0.220326815817602 0.975316256214522
12.8464866557933 0.276442285918372 0.960918534315099
12.9046672465351 0.331849677355917 0.943217687023541
12.963163976175 0.38642558758484 0.922202854199642
13.022064325438 0.440041946911613 0.897855735847699
13.0814620446214 0.4925649170165 0.870149759594551
13.141459192838 0.54385356761739 0.839048878388566
13.2021686476809 0.593758253988288 0.804505891092108
13.2637172875645 0.642118586247501 0.76646012294016
13.3262501422694 0.688760832452255 0.724834217076026
13.3899359588039 0.733494520281729 0.679529651002787
13.4549748834332 0.776107875943325 0.630420363006637
13.5203484448909 0.815632917963724 0.57837245162358
13.5849440791115 0.851265618385394 0.524516108510454
13.6484709675381 0.882846371036866 0.469415840380116
13.7109442198993 0.910430395472573 0.413381390009659
13.7724775036375 0.934127456015398 0.356612368839345
13.8332062137427 0.954048233745315 0.299261293196151
13.8932617190547 0.970289253020169 0.241460218145513
13.9527645177684 0.982930638678269 0.18333190626746
14.0118239275974 0.992037580608545 0.124994618018617
14.0705397458963 0.99766247662039 0.0665643262206213
14.1290042911976 0.999846856093554 0.0081559097499816
14.1873043359118 0.998622889293143 -0.05011604630949
14.2455228277133 0.99401449424696 -0.108136591053408
14.3037404238139 0.986038097104403 -0.16578978314705
14.3620368975034 0.974703096926857 -0.222958051728201
14.4204924826634 0.960012068784428 -0.279521512768147
14.4791892220486 0.94196072033701 -0.335357215299273
14.538212387111 0.920537598510989 -0.390338289557044
14.59765204433 0.895723523323722 -0.444332962535385
14.6576048577333 0.867490703037926 -0.497203395928931
14.7181762425253 0.835801455266191 -0.548804285765638
14.779483025412 0.800606417324697 -0.598981139769684
14.8416568317978 0.761842067937811 -0.647568113383433
14.904848523431 0.719427287553513 -0.694385231107632
14.9692341791944 0.673258531535649 -0.73923473349587
15.0350233969163 0.623202933675528 -0.781896148139468
15.1009131141431 0.570368491719956 -0.8212318178564
15.1659375526374 0.515800175127318 -0.856557416078115
15.2298664107235 0.460024724953046 -0.887759139909825
15.2927385354564 0.403336976862397 -0.914908203641903
15.3546767434926 0.345931765820389 -0.938119249787577
15.415820058709 0.287961150936593 -0.957503903925813
15.4763015090897 0.229558550895827 -0.973158316392057
15.5362426380292 0.170848878523371 -0.985161826080441
15.5957537031459 0.111952918424815 -0.993578715151868
15.6549355266316 0.0529893868313901 -0.998460426462477
15.71388161223 -0.00592392295571404 -0.99984748877343
15.7726801161134 -0.0646693439655641 -0.997771003277285
15.8314155986714 -0.123128659108687 -0.99225371853783
15.8901705931071 -0.181182448253469 -0.983310753216986
15.9490270557527 -0.238709411829079 -0.97095001678221
16.008067767745 -0.295585640512392 -0.95517235952025
16.0673777581259 -0.35168380340953 -0.935971463245801
16.127045821844 -0.406872223461431 -0.913333464082603
16.1871662157588 -0.461013800720458 -0.88723627704306
16.247840634226 -0.513964731493506 -0.857648566053322
16.3091805969083 -0.56557295250738 -0.824528268475745
16.37131043135 -0.615676211078371 -0.787820533797473
16.4343711124839 -0.664099619311935 -0.747454861711506
16.4985253499504 -0.710652483151934 -0.703341107546179
16.5639645274089 -0.755124088670964 -0.655363830657419
16.6307455853509 -0.797173630980389 -0.603511961284998
16.6970397000164 -0.835401862903143 -0.549376561221941
16.7622788042794 -0.869439479775695 -0.493745240570237
16.8263876118658 -0.899284544424681 -0.437030061255396
16.8894603682468 -0.925042204260632 -0.379478022987708
16.9516372186418 -0.94683366138043 -0.321265347913216
17.0130609249452 -0.964768420255046 -0.26253783917537
17.0738639600794 -0.978938302956153 -0.203427833582401
17.1341663976576 -0.989418164707558 -0.144061374209771
17.1940772594672 -0.996268177730059 -0.0845613992470807
17.2536967079381 -0.999536088085342 -0.0250493416553019
17.3131182343667 -0.999259042374129 0.0343538894704933
17.3724306264538 -0.995464949120003 0.0935271551185952
17.4317197116595 -0.988173431342707 0.152348400254588
17.4910699360828 -0.977396432549863 0.21069396447714
17.5505658524952 -0.963138521074891 0.26843785060702
17.6102935922588 -0.945396916221581 0.325450921445616
17.6703423972059 -0.924161238188896 0.381599993993569
17.7308062941578 -0.899412961582929 0.436746793958149
17.7917860095229 -0.871124527027584 0.490746722255318
17.8533912476283 -0.839258033250122 0.543447368389617
17.9157434994239 -0.803763387498789 0.594686680479595
17.978979617094 -0.764575726405981 0.644290663651048
18.0432565011152 -0.721611817445528 0.69207041950303
18.1087574288384 -0.67476498617272 0.737818245097607
18.1757008630941 -0.623897836335967 0.781302354157104
18.2428368899281 -0.570077673476372 0.821396149943618
18.3091073738735 -0.51443136998918 0.857344125813522
18.3742534245798 -0.45752666715925 0.889014305268611
18.4383100195912 -0.399679710063157 0.91647794016885
18.5014043848815 -0.341097939504366 0.939854543356925
18.5636820538434 -0.281942349935195 0.959260979491717
18.625282589474 -0.222353798272384 0.974797776891976
18.686333542428 -0.162464053669208 0.986547613064206
18.7469506172944 -0.102400564586811 0.994577177788704
18.807239645131 -0.0422886970430262 0.998939540234831
18.8672988531634 0.0177470221844048 0.99967619734548
18.9272209829988 0.0775820388951398 0.996818644897332
18.9870951790605 0.137091030983827 0.990389500885361
19.0470086876967 0.196147187905259 0.980403244983782
19.1070484394187 0.254621457682788 0.966866626885372
19.1673025926443 0.312381726555754 0.949778774817826
19.2278621190606 0.369291898651432 0.929131012649145
19.2888225164111 0.425210837860959 0.904906370532445
19.3502857480506 0.479991123518685 0.877078747912612
19.4123625335095 0.533477554997585 0.845611655282276
19.4751751557831 0.585505315576287 0.81045641685329
19.5388610179711 0.635897668426791 0.771549651640974
19.6035772899158 0.684462999473649 0.728809750761805
19.6695071630381 0.730990929275959 0.682131908122198
19.7368685320369 0.775247063423529 0.631380991814132
19.8047423964934 0.816282699420831 0.577348036745199
19.871835150441 0.85315228517782 0.521323022464563
19.9377999556774 0.885660132589307 0.463951581509589
20.0026447773284 0.913861872023052 0.405585932319951
20.0664924816315 0.93787731621247 0.346450901140848
20.1294917331947 0.957827852722272 0.286716900858894
20.1917871333685 0.973818915097872 0.226530890527097
20.2535112976359 0.985937403520489 0.166029372348001
20.314784500308 0.994253384873858 0.105343960786678
20.3757165919323 0.998822548750699 0.0446039534313143
20.4364093543851 0.999688386823233 -0.0160622805165312
20.496958733059 0.996883877583005 -0.076526360786198
20.5574568340752 0.990432694632321 -0.136659109251411
20.6179937204631 0.980350004056777 -0.196329791126917
20.678659082091 0.966642907656645 -0.255405323958626
20.7395438626069 0.949310566339859 -0.31374941557762
20.8007419291534 0.928344013356311 -0.371221595571087
20.8623518769421 0.903725641651716 -0.427676099488207
20.9244790754991 0.875428321281478 -0.482960553578672
20.9872380905307 0.843414067569131 -0.536914389866744
21.050755660741 0.807632132448774 -0.589366894191132
21.1151744824941 0.76801632052904 -0.64013474847041
21.1806581746172 0.724481221469813 -0.689018864022177
21.2473979931272 0.676916871936721 -0.735800199431153
21.3156222023209 0.625181058488443 -0.780234084870982
21.3841653019212 0.570274672640704 -0.821219547396987
21.4518492854967 0.513427452523721 -0.857907484948767
21.5183770626321 0.455258675260983 -0.890140950051738
21.5837774296971 0.396111012360496 -0.917990150529407
21.6481822986372 0.336207318932424 -0.941580085814903
21.7117447491427 0.275719311694018 -0.96103377805973
21.7746120370453 0.214796660363974 -0.976456940481649
21.8369188097164 0.153579209810333 -0.98793619957889
21.8987872083169 0.0922022445352051 -0.995541076664978
21.9603289807991 0.0307989530768777 -0.999326533389649
22.0216479349629 -0.0304982062583024 -0.999335168531983
22.0828422356495 -0.0915565516605223 -0.99559889053323
22.1440064602984 -0.152242357788938 -0.988140097912643
22.2052334588066 -0.212420050793197 -0.976972436392584
22.2666160996782 -0.271951358914492 -0.962101188416037
22.328248992125 -0.33069437782721 -0.943523325833854
22.3902302774847 -0.388502511307758 -0.921227229745053
22.4526635923643 -0.445223240420123 -0.895192053314339
22.5156603251446 -0.500696660232015 -0.865386671006481
22.5793423217866 -0.554753701003004 -0.831768116146908
22.6438452537547 -0.607213917278231 -0.794279350418528
22.7093229533773 -0.657882676765786 -0.752846121396528
22.7759531735581 -0.706547499511647 -0.70737252592852
22.8439454830288 -0.752973165342158 -0.657734668605667
22.9135524495958 -0.796894983376418 -0.603771409707438
22.9827081484744 -0.836710356112071 -0.547261735814107
23.0507463192369 -0.871979669059896 -0.489110725682196
23.1175721922134 -0.902693594586274 -0.429791182817165
23.1832881323928 -0.92896821771756 -0.369584477107643
23.2480499887112 -0.950938371693933 -0.308689788118801
23.3120168802069 -0.968725324612986 -0.247271156403956
23.3753363269802 -0.982429954412518 -0.185477294557939
23.438141902869 -0.992133687076595 -0.123449968553464
23.5005548698446 -0.997901195560144 -0.0613277209418178
23.5626867681926 -0.99978301637218 0.000752257153584825
23.6246419902992 -0.997817631596328 0.0626529655085799
23.6865200994054 -0.992032986413274 0.12423668645971
23.7484178998833 -0.982447512574064 0.185364139638273
23.8104313380159 -0.969070729920044 0.245893613840496
23.8726573290458 -0.951903473758728 0.305680026020291
23.9351956099498 -0.930937766793245 0.364573865707689
23.9981507235427 -0.906156324256549 0.422419978818423
24.0616342547947 -0.877531648015641 0.47905613254288
24.1257674696176 -0.845024625191277 0.534311282863493
24.1906845566006 -0.808582492275842 0.588003435465889
24.2565367546793 -0.768135945646032 0.639936943607336
24.3234977849619 -0.723595054738294 0.689899012495242
24.3917712306717 -0.674843430697469 0.737655060132676
24.4616008976516 -0.621729755870057 0.782942384243282
24.5317085836531 -0.565356514008572 0.824570597027598
24.6009063172603 -0.506990077472114 0.861686608927533
24.6689031888205 -0.44727118133382 0.894141746656464
24.7357383737245 -0.386556576003917 0.922015903742572
24.801554150029 -0.325079967198879 0.945442101591576
24.8665128375765 -0.263022621573638 0.964549310338498
24.9307697612248 -0.200543297632154 0.979447415247379
24.9944667187883 -0.137790832494747 0.990225817995218
25.0577323754751 -0.0749095803762967 0.996955719320311
25.1206846388129 -0.0120419817913501 0.999692870715842
25.1834333361982 0.0506699855453871 0.998479898658646
25.2460827099333 0.113083767204842 0.9933480435238
25.3087336583021 0.175055316304442 0.984318357342526
25.3714857828997 0.236438176862007 0.971402435136179
25.4344393385115 0.297082500840394 0.954602736026817
25.4976971908835 0.3568339506032 0.933912520354678
25.5613668948177 0.415532437200058 0.909315396687748
25.6255630202583 0.473010633316511 0.880784437357189
25.6904098836237 0.529092179189048 0.848280778651955
25.7560448929034 0.583589467862034 0.811751564787228
25.8226227999335 0.636300846973066 0.771127011550097
25.8903212931003 0.687006996942883 0.726316236279476
25.9593485978878 0.735466120270343 0.677201289773391
26.0299541568474 0.781407366487056 0.623628464723844
26.1009637553273 0.823683687870882 0.566615392097545
26.1710814018804 0.861356056576016 0.507515077607499
26.2399797805533 0.894250935133298 0.44701141068965
26.3076902888523 0.922445235185217 0.385482783363148
26.3743574165325 0.946075321889316 0.323174922632119
26.4401485318547 0.965274492078825 0.260277048497524
26.5052243675483 0.980156380391327 0.196954221487657
26.5697317693047 0.990813258372286 0.133360946960044
26.6338039851079 0.997318375882102 0.0696470421091661
26.6975631267544 0.999728839440883 0.00596039635548533
26.7611229797119 0.998088046549744 -0.0575514774187893
26.8245916320292 0.992427500211226 -0.120740334182265
26.8880738425323 0.982768048150215 -0.183456218518874
26.9516732121794 0.969120624712591 -0.24554648123645
27.0154942625248 0.951486553289042 -0.306854719134789
27.0796445362355 0.92985743427105 -0.367219584250202
27.1442368438909 0.904214607683245 -0.426473406627686
27.2093918001598 0.874528139898429 -0.48444056079755
27.2752408281909 0.840755235031236 -0.540935481783966
27.3419298726456 0.802837904951595 -0.595760198448088
27.4096241641438 0.760699633020099 -0.648701192871847
27.4785145478611 0.714240610807296 -0.699525300601003
27.5488261769677 0.663330868664221 -0.747974212594333
27.620830875944 0.607800171693748 -0.793756877321102
27.6926756518845 0.549253313534248 -0.83533802219916
27.7634306698891 0.488823416254123 -0.872077059387942
27.8329169219492 0.427094711358986 -0.903910890929532
27.9012217357828 0.364404940504638 -0.930952211659365
27.9685094362177 0.300985630491595 -0.953346173485679
28.0349539947542 0.237023167080888 -0.971225861234086
28.1007183487593 0.172684609586951 -0.984702048945149
28.1659504402382 0.10812858460339 -0.993863573545799
28.2307846859403 0.0435100741853283 -0.998780254860635
28.2953448479438 -0.0210172229391499 -0.999505855660011
28.3597469901197 -0.0852994578260009 -0.996080443962114
28.4241021818354 -0.14918152001191 -0.988532091433311
28.4885189405364 -0.212505998586931 -0.97687798120708
28.5531055060292 -0.27511210119189 -0.961125004423913
28.6179720664953 -0.336834462731994 -0.941269894650523
28.6832330663562 -0.397501784752156 -0.917298911135812
28.7490097404825 -0.456935237862156 -0.889187040409177
28.8154330480604 -0.514946538906851 -0.856896637641071
28.8826472314962 -0.571335580685649 -0.820375366797749
28.9508143140012 -0.625887439139075 -0.779553209324961
29.0201199966753 -0.67836849943016 -0.734338173565349
29.0907816641463 -0.728521306758015 -0.684610113011387
29.1630596384438 -0.776057519401575 -0.630211677763557
29.2361290934789 -0.819994024090564 -0.571873642250031
29.3083785604032 -0.859135465263004 -0.511188467327174
29.3793703621724 -0.893230221946448 -0.448959970939678
29.4491092095279 -0.922342677825705 -0.385625858509216
29.5177426646175 -0.946616362786008 -0.321463737699727
29.585449958879 -0.966195396726038 -0.256683035440819
29.6524051086476 -0.981203083679892 -0.191464259379219
29.7187674492273 -0.991739184250319 -0.125975519598265
29.7846815288253 -0.997882344274806 -0.0603796181231696
29.8502797523918 -0.99969329213203 0.00516265495078226
29.9156855188421 -0.997217564372595 0.0704906991660103
29.9810161885949 -0.990487525340855 0.135442816360731
30.0463857735986 -0.979523723272367 0.199855075731349
30.1119074212182 -0.964335669025514 0.263560164699067
30.1776958153264 -0.944922099932001 0.326386136593754
30.2438696345362 -0.921270750924343 0.388154986984834
30.3105542228676 -0.893357609821762 0.448680985740724
30.3778846569837 -0.861145581743651 0.507768671750781
30.4460094469944 -0.824582421429742 0.565210382239365
30.5150951985801 -0.783597698581538 0.620783133247702
30.5853327167091 -0.738098417810284 0.674244580104982
30.6569452896896 -0.687962681145036 0.72532764384337
30.7302003422763 -0.633030380557834 0.773733148341482
30.8044383523267 -0.573898328517749 0.818552766216287
30.8778878513437 -0.512282054519537 0.858459433909417
30.9500559824864 -0.449048375817574 0.893162249570515
31.0209352201681 -0.384666744298854 0.922720242143077
31.0906759927987 -0.319432220354105 0.947281499388936
31.1594646905401 -0.253565591413974 0.966996283105999
31.2274830356768 -0.187256261266189 0.981993194203197
31.2948975383465 -0.120680309067213 0.992375980324939
31.3618592406613 -0.054008226446213 0.998226058028131
31.4285064973211 0.012591498182451 0.999605904801785
31.4949683162562 0.0789504058050831 0.996561950722892
31.5613675311702 0.144898673456361 0.98912670887164
31.6278236872621 0.21026388115842 0.977320188103648
31.6944557186606 0.274869755383476 0.9611506792222
31.7613845543514 0.33853478958632 0.940614978753442
31.8287358095703 0.401070663920055 0.915698068956176
31.8966427396218 0.462280379109195 0.886372220822876
31.9652496697556 0.521955994323371 0.852595426080537
32.0347161810525 0.579875815564305 0.814308984933088
32.1052224461688 0.635800812038733 0.771433961672064
32.1769763017217 0.689469927179339 0.723866041145016
32.2502229753985 0.740593767797017 0.671468021787024
32.3252589727167 0.788845839964115 0.614058660752637
32.4005847139696 0.832818579994929 0.552952380309294
32.4748777370769 0.871562942019601 0.489610690049619
32.5478305510111 0.90493045836972 0.424781238476202
32.6195059080236 0.933026261008611 0.358884434274614
32.6900791613177 0.956009370812331 0.292198667746263
32.7597450590573 0.974029269361954 0.224942220389487
32.8286882824338 0.987210363161325 0.157308106834302
32.8970770535238 0.995651481995588 0.0894787639078774
32.9650643634016 0.999429128774511 0.0216324486168469
33.0327912693848 0.998600949913525 -0.0460536604146963
33.1003904323603 0.9932085052114 -0.113401612272217
33.1679894085236 0.98327921714383 -0.180231255141359
33.2357136689158 0.968827577178092 -0.246358885993504
33.3036894654033 0.949855697311336 -0.31159581832442
33.3720467063761 0.926353253624578 -0.375746768135814
33.4409220284543 0.898296813419841 -0.43860796641203
33.5104622830907 0.865648473723662 -0.499964887598487
33.5808287163387 0.828353659319004 -0.559589443878533
33.6522022243144 0.786337817463282 -0.617236429613664
33.7247902452688 0.739501576933039 -0.672638894981517
33.7988361559063 0.687713661796468 -0.725501954465264
33.8746325808485 0.63080037041487 -0.775494239763629
33.9515061004075 0.569380245580597 -0.821646917300446
34.0275552493691 0.5053084296994 -0.862530075759277
34.102255353901 0.439527427719689 -0.89783505882288
34.1756039634191 0.372549191872806 -0.927629692379603
34.2477674146569 0.304696294862571 -0.952075448731997
34.3189495235067 0.236210856109363 -0.971334025617594
34.389348262629 0.167301319258933 -0.98554227939178
34.459144852368 0.0981621700195991 -0.994809293895148
34.5285038486683 0.028982404850214 -0.999219414834755
34.5975764234473 -0.0400505091538055 -0.998836064119163
34.6665042016346 -0.108748402840763 -0.993704903104168
34.7354229031331 -0.176920773790009 -0.983856093985005
34.8044656910613 -0.244373291168461 -0.969305720192949
34.8737663390895 -0.310906226903106 -0.950056464173547
34.9434623967324 -0.376312690046649 -0.926097599966443
35.0136985621214 -0.440376557049467 -0.89740429584436
35.0846305100167 -0.502869971407348 -0.863936149033196
35.1564294911244 -0.56355024089287 -0.825634782812236
35.2292881394173 -0.622155884360921 -0.78242020794257
35.3034281325303 -0.678401456018799 -0.734185452963758
35.3791107124106 -0.731970568599002 -0.680788641797156
35.4566517202983 -0.782506180065262 -0.622041125581125
35.5350110261602 -0.828796644656432 -0.558877511196343
35.6124287486384 -0.869536750638594 -0.493103239417146
35.6884482129692 -0.9044735816882 -0.425640376245743
35.7630995857278 -0.93369847004284 -0.356996884627146
35.8365663275753 -0.957382520484112 -0.28749938547589
35.9090627987841 -0.975691078109141 -0.217397817750146
35.9807947757919 -0.988761882188985 -0.146910280567413
36.0519502225476 -0.99670342872428 -0.0762419462688295
36.122700169894 -0.999598515379293 -0.00559324375361636
36.1932024299394 -0.997508238493293 0.064836228914719
36.2636057330626 -0.990475187539217 0.134845403816637
36.334053635019 -0.978525651270547 0.204229974084796
36.4046881468809 -0.961670915408714 0.272780706163162
36.4756532365339 -0.939907747521394 0.340281620223591
36.5470984164399 -0.913218109582689 0.406507900758001
36.6191826729868 -0.8815680621089 0.471223404116121
36.6920790513634 -0.844905730621702 0.534177595920073
36.7659803138662 -0.803158081952081 0.595101683685891
36.8411062720276 -0.756226076221876 0.653703597042526
36.9177137114422 -0.703977468286218 0.709661280500415
36.9961103944971 -0.646236030240934 0.762613442871706
37.0765138691368 -0.582896458487333 0.812052040377701
37.1562957372064 -0.5163230488892 0.855922858905215
37.2346670402491 -0.447726283293852 0.893717780780082
37.3115580164748 -0.377751635519605 0.925468040251511
37.3871386565366 -0.306791823235695 0.951348231153858
37.4616374066026 -0.235131771485188 0.971542675164605
37.5352802767491 -0.163011658585525 0.986208332065046
37.6082747298736 -0.0906535695528103 0.995469359515832
37.6808088978194 -0.018272869013694 0.999420390483862
37.7530553390515 0.0539165730177863 0.998131130324877
37.8251756789043 0.125699506448323 0.991650208249396
37.8973250766024 0.196857231694611 0.980007897634857
37.9696563680562 0.267165698435968 0.963217765386874
38.0423240296759 0.336393482666574 0.941277366722241
38.1154882059235 0.404299467721873 0.914168045305176
38.1893190951258 0.470630070991692 0.881853809534671
38.2640020560039 0.535115822092717 0.844279146158376
38.339743917568 0.597467019724733 0.80136548776842
38.4167811885769 0.657368060386132 0.753005837307562
38.4953912402574 0.714469806879983 0.699056707226221
38.5759082162005 0.768378974210279 0.63932593016262
38.6582962733816 0.818384408495667 0.573922490737917
38.7399712347033 0.86247775092817 0.505241029339584
38.820179781041 0.90018461060471 0.434511906291158
38.8988779716353 0.931557009837088 0.362396578549504
38.9762548045237 0.956781431097467 0.289302708587647
39.052553533774 0.976048493723485 0.21553024330571
39.1280125392241 0.989517917034993 0.141334869637087
39.2028503576559 0.997314241029851 0.0669548454901504
39.2772656691669 0.999530725286081 -0.00737749390850806
39.3514416225017 0.996234249426181 -0.0814303542727348
39.4255509485376 0.987469269762335 -0.154969405840209
39.4997608786712 0.973260503743162 -0.227755454047873
39.5742377733622 0.953614421584642 -0.299542205773295
39.649151660011 0.92851965465568 -0.370073819168367
39.7246809864749 0.897946350645196 -0.439082028458926
39.8010179716113 0.861844388761856 -0.506282632656265
39.8783750453005 0.82014021794249 -0.571371072057609
39.9569930671686 0.772731869501979 -0.634016689720543
40.0371523646766 0.719481364310768 -0.693855057835506
40.1191882661845 0.660203169581619 -0.750477372986707
40.2035139899778 0.594646327342318 -0.803415246338403
40.2879082613945 0.524805517916048 -0.85067929772446
40.3709908411981 0.452398905904954 -0.891295333389118
40.4525029436201 0.378325081796626 -0.925169501558584
40.532581566392 0.303104942045133 -0.952466509635436
40.6114745939369 0.227096645924569 -0.973390442059936
40.6894413609977 0.150591189654134 -0.988119963704088
40.7667238405488 0.0738531350742357 -0.996795625781897
40.8435426239507 -0.00286208972698457 -0.999522245917164
40.9201006440062 -0.0793003959744221 -0.996374178911029
40.9965887447064 -0.15520488286078 -0.987399948101724
41.0731913210523 -0.230312922371439 -0.97262547257269
41.1500917076254 -0.304353480867404 -0.952055883352517
41.2274774896615 -0.377044215409207 -0.925676037403617
41.3055460916339 -0.448088055676156 -0.893449760625674
41.3845111120405 -0.517168993329663 -0.855317708514466
41.4646100258771 -0.583946718869869 -0.811193540460002
41.5461141427854 -0.648049575911326 -0.760957825417411
41.6293421901666 -0.709065002990935 -0.704448650402304
41.7146797780646 -0.76652610151475 -0.641447122286205
41.8024652388056 -0.819809974415616 -0.571772113260755
41.8895865676388 -0.866449275055652 -0.498269619236402
41.975126596831 -0.905849348098497 -0.422420965260205
42.0590259825065 -0.938060443707912 -0.345023190531067
42.1415066549431 -0.963295080475818 -0.26656545496639
42.2228555320612 -0.981768593946832 -0.187406894408146
42.303353701985 -0.993657304973187 -0.107854477584874
42.3832591454118 -0.99909410257259 -0.0281960228576704
42.4628074094494 -0.998173584782631 0.051285569865303
42.5422174077125 -0.990958062749712 0.13030552364879
42.6216981460952 -0.977482153722085 0.2085730941454
42.7014552900946 -0.957755615331657 0.285788236768428
42.7816975689578 -0.931764515850978 0.36163818668455
42.8626433890314 -0.899470817841943 0.435793497863495
42.9445282096633 -0.860810292401842 0.507903171002851
43.0276134249741 -0.815688446811145 0.577588426554764
43.1121978114935 -0.763973810694109 0.644434479482185
43.1986331792775 -0.705487386331319 0.707979303748243
43.2873469468158 -0.639986119241563 0.767697708323583
43.3787958258482 -0.567202808230636 0.822932058402785
43.4695870719057 -0.490252687192828 0.870966624133218
43.5587264893066 -0.410770311828813 0.911149310904741
43.646158331879 -0.329638313000437 0.943535397549028
43.7321326369584 -0.247400172641332 0.968353799789964
43.8169687130003 -0.164457089474796 0.985832384913217
43.9009786468394 -0.081154453212489 0.996153323302858
43.9844494242188 0.0021813998635251 0.999449197682485
44.0676445290719 0.0852272128701149 0.995809118677061
44.1508110394665 0.167654967362964 0.985285398983214
44.2341877346797 0.249126886682814 0.967898386446306
44.3180131480174 0.329291081114612 0.943639113060122
44.4025336957958 0.407776833527285 0.912469839475585
44.4880124669378 0.484188916693751 0.874322488424864
44.5747395427722 0.558100358150579 0.829094695206189
44.6630450910084 0.629042871005223 0.776642801714616
44.7533171412888 0.696493739932217 0.71677048810501
44.8460272063266 0.759857148283997 0.649210632081478
44.9417693990049 0.818436395979624 0.573595871280934
45.0374831701465 0.869504694597368 0.492752452463105
45.1316462742542 0.911980412970109 0.408813643481315
45.2240492534154 0.945808868923194 0.32291856761698
45.3149305500239 0.971209816890947 0.235746997602049
45.4046436854665 0.988422683767162 0.147784898419557
45.4935463261647 0.997637756389322 0.0594432433167499
45.5819720942691 0.998986897978944 -0.0288910753869427
45.670230463806 0.992549505071311 -0.116833040170302
45.7586150179595 0.978359899662627 -0.2039885289444
45.8474136789148 0.956412513936436 -0.289947158719997
45.9369193805736 0.926664201624214 -0.374275809310102
46.0274414106103 0.889033612512444 -0.456511321228642
46.1193183983907 0.84339740107091 -0.536151340845562
46.2129345134045 0.789582551954501 -0.612642192446377
46.3087413128464 0.727353291193562 -0.685362138659471
46.4072893105853 0.656389626550101 -0.753597309462791
46.5092766312278 0.576251803678871 -0.816505439099333
46.6120199572587 0.489467401075885 -0.871297707316965
46.713367873993 0.398800603773029 -0.916344563619608
46.8129445739556 0.305727671430709 -0.951447169366877
46.9109978204409 0.211114980053596 -0.976802908348691
47.0079460288536 0.115571903738557 -0.992647602342772
47.1042257503767 0.0196120607338913 -0.999156827061966
47.2002524549455 -0.0762766447231508 -0.996430537801611
47.2964201981607 -0.171600707443236 -0.984498879724176
47.3931133764743 -0.265844499013657 -0.963329796606963
47.4907221038732 -0.358458172348718 -0.932833212839925
47.5896595385582 -0.44884532402356 -0.892860566544722
47.690382170291 -0.536347751746175 -0.843199068424043
47.7934156476915 -0.620224863354877 -0.78355941259345
47.899390606645 -0.699624334332459 -0.713554180029801
48.0090964068356 -0.773538226925142 -0.632661349013145
48.1235679697472 -0.840733673022408 -0.540161489958239
48.2383228855276 -0.897048132309159 -0.440338307186508
48.3516527683209 -0.941084105471243 -0.336065788730125
48.4635181882063 -0.972711534895059 -0.228907843797098
48.574431626057 -0.99206538900979 -0.119834275331893
48.6850477753512 -0.999224540090117 -0.00958647215105768
48.7960444039578 -0.994131072401702 0.101155395904048
48.9081101969733 -0.976576222708165 0.211695099733533
49.0219716175355 -0.946194026463146 0.321276941539104
49.1384388496148 -0.902443004967458 0.429049403478553
49.2584713472496 -0.844565690720951 0.534020947436458
49.3832765743357 -0.77151248555302 0.634994472492522
49.5144737112471 -0.68180212329806 0.730459341870649
49.6543957120532 -0.573254078355296 0.81839664191372
49.8041202787 -0.444752366527661 0.894732996789734
49.9598720402516 -0.300565020259708 0.952871401804017
50 -0.262096503934196 0.96416204385533
