1.6094379124341 -0.3571036072
1.79175946922806 -3.7722610631
1.94591014905531 -3.4451492692
2.07944154167984 -2.9857819427
2.19722457733622 -2.6765515340
2.30258509299405 -2.3136460404
2.39789527279837 -2.1680542000
2.484906649788 -1.2654936610
2.56494935746154 -1.6210045488
2.63905732961526 -1.5469327071
2.70805020110221 -1.2479246919
2.77258872223978 -1.1737669623
2.83321334405622 -0.8857615268
2.89037175789616 -0.7478145819
2.94443897916644 -0.6360109892
2.99573227355399 -0.4970870977
3.04452243772342 -0.2263988440
3.09104245335832 -0.2174100195
3.13549421592915 -0.1015898558
3.17805383034795 0.0140015196
3.2188758248682 0.1263682988
3.25809653802148 0.2245026274
3.29583686600433 0.3369721117
3.3322045101752 0.6521689238
3.36729582998647 0.6499786852
3.40119738166216 0.6497176226
3.43398720448515 0.9191267067
3.46573590279973 0.8285954847
3.49650756146648 0.9080569269
3.52636052461616 1.0019178178
3.55534806148941 1.0714808713
3.58351893845611 1.1860124789
3.61091791264422 1.2428280661
3.63758615972639 1.3106274822
3.66356164612965 1.3840418261
3.68887945411394 1.4585219951
3.71357206670431 1.5265344500
3.73766961828337 1.5833197843
3.76120011569356 1.6617077299
3.78418963391826 1.7178976206
3.80666248977032 1.8986987380
3.8286413964891 1.8470680250
3.85014760171006 1.9124715444
3.87120101090789 1.9672242386
3.89182029811063 2.0207923112
3.91202300542815 2.2096909921
3.93182563272433 2.1368728350
3.95124371858143 2.3103349849
3.97029191355212 2.2621067894
3.98898404656427 2.4632658341
4.00733318523247 2.3884232821
4.02535169073515 2.5221462351
4.04305126783455 2.6003462009
4.06044301054642 2.6505058304
4.07753744390572 2.6766902444
4.0943445622221 2.7222817833
4.11087386417331 2.7691892004
4.12713438504509 2.8260702457
4.14313472639153 2.8795073983
4.15888308335967 2.9549936089
4.17438726989564 2.9653039934
4.18965474202643 3.0033829325
4.20469261939097 3.0413746314
4.21950770517611 3.0819007954
4.23410650459726 3.1519151727
4.24849524204936 3.1602207622
4.26267987704132 3.2332480479
4.27666611901606 3.2865195200
4.29045944114839 3.3113747842
4.30406509320417 3.3470544168
4.31748811353631 3.4447995080
4.33073334028633 3.4231741145
4.34380542185368 3.4632609677
4.35670882668959 3.5454593287
4.36944785246702 3.5676464115
4.38202663467388 3.5740885002
