150 34121 100575 1000 79 170 1000
160 47541 127200 1000 108 209 1000
170 24167 143650 1000 59 245 1000
180 17900 161100 1000 50 306 1000
190 43848 179550 1000 123 347 1000
200 71242 199000 1000 227 423 1000
210 43681 219450 1000 135 482 1000
220 51027 240900 1000 180 574 1000
230 69387 263350 1000 245 631 1000
240 42542 286800 1000 167 758 1000
250 49053 311250 1000 200 846 1000
260 85729 336700 1000 377 938 1000
270 134769 363150 1000 570 1055 1000
280 161541 390600 1000 711 1165 1000
290 81209 419050 1000 401 1274 1000
300 98969 448500 1000 512 1537 1000
