50 6 176 11025 265631 -3.49340087557558 -3.4934008755814
55 8 234 13365 328721 -4.27936019750775 -4.27936019750778
60 10 405 14160 519952 -3.99845939872355 -3.99845939872343
65 14 558 18720 661698 -4.66170244187952 -4.66170244187961
70 18 721 21735 798651 -4.71799843303249 -4.71799843303265
75 21 1051 24975 1077459 -4.63867102416919 -4.63867102416936
80 34 1382 28440 973789 -5.04385442481613 -5.04385442481616
85 32 1646 32130 1297698 -5.11144425125629 -5.11144425125639
90 50 3873 36045 1705002 -5.05940430120779 -5.05940430120775
95 67 3455 40185 2013822 -5.32267637206443 -5.32267637206454
100 79 3192 44550 2099394 -5.75031961613235 -5.75031961613243
