2.39789527279837 -2.3947003819
2.484906649788 -2.1750717727
2.56494935746154 -1.9017975744
2.63905732961526 -1.7103638310
2.70805020110221 -1.3280254530
2.77258872223978 -1.0915373750
2.83321334405622 -1.0682770889
2.89037175789616 -1.0364829172
2.94443897916644 -0.8830977645
2.99573227355399 -0.6514295872
3.04452243772342 -0.5084950084
3.09104245335832 -0.4902063366
3.13549421592915 -0.2640957626
3.17805383034795 -0.1644030563
3.2188758248682 -0.0037068619
3.25809653802148 0.1839036380
3.29583686600433 0.1220406259
3.3322045101752 0.2888563827
3.36729582998647 0.3950780152
3.40119738166216 0.4295071026
3.43398720448515 0.6017991411
3.46573590279973 0.6924469354
3.49650756146648 0.7886846073
3.52636052461616 0.8129282189
3.55534806148941 0.9362502096
3.58351893845611 1.0722683133
3.61091791264422 1.1015413282
3.63758615972639 1.1667381177
3.66356164612965 1.2665813392
3.68887945411394 1.3250570516
3.71357206670431 1.3812315668
3.73766961828337 1.4437846643
3.76120011569356 1.5134555067
3.78418963391826 1.5737900092
3.80666248977032 1.6277295949
3.8286413964891 1.7433217429
3.85014760171006 1.7754437556
3.87120101090789 1.9218955209
3.89182029811063 1.9750944013
3.91202300542815 1.9737198497
3.93182563272433 2.0234265915
3.95124371858143 2.0670526149
3.97029191355212 2.1457324328
3.98898404656427 2.2079117104
4.00733318523247 2.2594165976
4.02535169073515 2.3091236698
4.04305126783455 2.3714392882
4.06044301054642 2.4307408125
4.07753744390572 2.5040391179
4.0943445622221 2.5215358669
4.11087386417331 2.6049537871
4.12713438504509 2.6888469941
4.14313472639153 2.6802815290
4.15888308335967 2.7904347798
4.17438726989564 2.7914104765
4.18965474202643 2.9202109955
4.20469261939097 2.9615496479
4.21950770517611 2.9345055955
4.23410650459726 2.9790082026
4.24849524204936 2.9758305413
4.26267987704132 3.1058728465
4.27666611901606 3.1334050787
4.29045944114839 3.1604413030
4.30406509320417 3.1967529078
4.31748811353631 3.3739666341
4.33073334028633 3.3568378876
4.34380542185368 3.3051048959
4.35670882668959 3.3480848897
4.36944785246702 3.4305749377
4.38202663467388 3.4501049993
4.39444915467244 3.4880079051
4.40671924726425 3.5164379287
4.4188406077966 3.5529480409
4.43081679884331 3.5859326897
4.44265125649032 3.5974711521
4.45434729625351 3.6120713013
4.46590811865458 3.6565731810
4.47733681447821 3.7232784654
4.48863636973214 3.8475826128
4.49980967033027 3.7690990692
4.51085950651685 3.7826065633
4.52178857704904 3.8764434950
4.53259949315326 3.8821347689
4.54329478227 3.9333303824
4.55387689160054 4.0354735062
4.56434819146784 3.9743684986
4.57471097850338 4.0758971163
4.58496747867057 4.0323698628
4.59511985013459 4.0512091299
4.60517018598809 4.1101047160


1.6094379124341 -4.77807915464661
1.79175946922806 -4.23894836618999
1.94591014905531 -3.78311977950062
2.07944154167984 -3.38826309740939
2.19722457733622 -3.03997482038462
2.30258509299405 -2.72842034006064
2.39789527279837 -2.44658503056996
2.484906649788 -2.18928955160402
2.56494935746154 -1.95260065503539
2.63905732961526 -1.73346096491466
2.70805020110221 -1.52944679425527
2.77258872223978 -1.33860428282342
2.83321334405622 -1.15933529930593
2.89037175789616 -0.990316005798654
2.94443897916644 -0.830437469515397
2.99573227355399 -0.678761525474673
3.04452243772342 -0.534487419109286
3.09104245335832 -0.396926215983987
3.13549421592915 -0.265480904609294
3.17805383034795 -0.139630737018054
3.2188758248682 -0.0189187681259231
3.25809653802148 0.0970581595505777
3.29583686600433 0.208657540006715
3.3322045101752 0.316197849671314
3.36729582998647 0.419964026587047
3.40119738166216 0.520212020330696
3.43398720448515 0.617172595606444
3.46573590279973 0.711054531762546
3.49650756146648 0.802047329821381
3.52636052461616 0.890323515280038
3.55534806148941 0.976040607020062
3.58351893845611 1.05934280878731
3.61091791264422 1.14036246886862
3.63758615972639 1.21922134507057
3.66356164612965 1.29603170535595
3.68887945411394 1.3708972891113
3.71357206670431 1.44391414970088
3.73766961828337 1.51517139547668
3.76120011569356 1.58475184358503
3.78418963391826 1.65273259860198
3.80666248977032 1.71918556613606
3.8286413964891 1.78417790997667
3.85014760171006 1.84777246007472
3.87120101090789 1.91002807756792
3.89182029811063 1.97099998216605
3.91202300542815 2.03074004646005
3.93182563272433 2.08929706108541
3.95124371858143 2.14671697413655
3.97029191355212 2.20304310777543
3.98898404656427 2.25831635459268
4.00733318523247 2.31257535595073
4.02535169073515 2.36585666425728
4.04305126783455 2.41819489087594
4.06044301054642 2.46962284117301
4.07753744390572 2.52017163802008
4.0943445622221 2.56987083491666
4.11087386417331 2.61874851976259
4.12713438504509 2.66683141019241
4.14313472639153 2.71414494128205
4.15888308335967 2.76071334634851
4.17438726989564 2.8065597314853
4.18965474202643 2.85170614440735
4.20469261939097 2.89617363811914
4.21950770517611 2.93998232986601
4.23410650459726 2.98315145578204
4.24849524204936 3.02569942160603
4.26267987704132 3.06764384980014
4.27666611901606 3.10900162337328
4.29045944114839 3.14978892668183
4.30406509320417 3.19002128345459
4.31748811353631 3.22971359226541
4.33073334028633 3.26888015965654
4.34380542185368 3.30753473109672
4.35670882668959 3.34569051994191
4.36944785246702 3.38336023455123
4.38202663467388 3.42055610369726
4.39444915467244 3.45728990039805
4.40671924726425 3.49357296428685
4.4188406077966 3.52941622262605
4.43081679884331 3.56483021006265
4.44265125649032 3.59982508721476
4.45434729625351 3.63441065817099
4.46590811865458 3.66859638697838
4.47733681447821 3.70239141318795
4.48863636973214 3.73580456652202
4.49980967033027 3.76884438072203
4.51085950651685 3.80151910663128
4.52178857704904 3.83383672456264
4.53259949315326 3.86580495599778
4.54329478227 3.89743127466069
4.55387689160054 3.92872291700529
4.56434819146784 3.95968689215388
4.57471097850338 3.99032999132068
4.58496747867057 4.02065879675202
4.59511985013459 4.05067969021272
4.60517018598809 4.08039886104602
