100 59 44550
105 69 49140
110 81 53955
115 95 65550
120 107 64260
125 121 77500
130 133 75465
135 165 90450
140 210 97300
145 260 104400
150 251 111750
155 260 119350
160 262 127200
165 301 135300
170 323 143650
175 344 152250
180 380 161100
185 429 170200
190 445 179550
195 492 189150


150 49 21903
155 83 37884
160 49 22101
165 251 92332
170 102 41236
175 64 24708
180 91 34010
185 114 42504
190 106 40068
195 171 59752
200 98 33631
205 76 27336
210 247 76285
215 157 49648
220 596 153519
225 277 81760
230 501 147476
235 321 88218
240 273 75046
245 1184 328180


50 21 34545
55 30 45090
60 43 58469
65 43 56128
70 77 89424
75 67 75110
80 90 93931
85 124 123816
90 125 119171
95 102 100580
100 176 154440
105 157 141128
110 157 136359
115 185 157548
120 278 196945
125 259 199516
130 370 252711
135 376 252054
140 396 262571
145 504 316512
