0 6999500 500 0
0.01 6999498.74915161 500.750473249798 0.500375142845556
0.03 6999496.24182031 502.25480002672 1.50337966419848
0.07 6999491.20454065 505.277022080374 3.51843726590916
0.15 6999481.03887749 511.376121448081 7.58500106315664
0.31 6999460.33799323 523.796025828023 15.8659809398937
0.63 6999417.4159147 549.547896575266 33.0361887236909
1.27 6999325.13830817 604.911144933403 69.9505468923122
2.44720521068988 6999130.45129696 721.714759949092 147.83394308936
3.73920955562125 6998873.25755545 876.016333222536 250.726111320267
5.13523947267359 6998533.2275116 1080.00915847902 386.763329912589
6.60519734553842 6998089.3048257 1346.3199215264 564.375252771054
8.13023027077032 6997512.7705841 1692.16799924888 795.061416652502
9.6968524691049 6996766.04241778 2140.08278692343 1093.87479529698
11.2952408810583 6995800.26101824 2719.34639366431 1480.39258809416
12.9181356954134 6994552.10785347 3467.89400512409 1979.99814139883
14.5601415946197 6992939.63013965 4434.80385033192 2625.56601001183
16.2172582532091 6990856.79906404 5683.53710756049 3459.66382839511
17.8865563241174 6988166.42526124 7296.146519136 4537.42821961885
19.5659521035172 6984690.9281839 9378.74424189356 5930.32757420344
21.2540534125687 6980200.28504499 12068.6141428428 7731.10081216075
22.9500602862867 6974396.2498884 15543.4813769365 10060.2687346546
24.6537111279253 6966891.60309355 20033.6271922463 13074.7697141996
26.3652702066423 6957182.71731063 25837.7816753515 16979.5010140091
28.0855570245047 6944613.02699363 33344.0769020097 22042.896104357
29.8160232010198 6928323.92781151 43057.856341189 28618.2158472985
31.5576774796446 6907204.59627187 55629.0253426532 37166.3783854755
33.3117827901408 6879815.08180219 71893.4755681147 48291.442629687
35.0823851328724 6844238.31613768 92953.3690804068 62808.3147819031
36.8748635297427 6797933.11744261 120250.589430392 81816.2931269984
38.6966089851921 6737499.58689335 155680.855512044 106819.557594605
40.5579741867213 6658333.32863931 201752.032534793 139914.638825889
42.4738567027956 6554091.31454093 261810.836125771 184097.849333292
44.4665144110747 6415816.68230039 340380.558931959 243802.758767648
46.5710543008049 6230379.0000617 443696.684856405 325924.315081893
48.8476435116138 5977319.19293615 580654.540898185 442026.266165663
51.4150791367145 5620962.41063072 764897.423761645 614140.165607635
54.5913111530211 5080006.5205866 1022520.50994784 897472.969465553
58.0037651961122 4409128.61101024 1296819.08640334 1294052.30258641
61.2447602879841 3746676.65411553 1503408.95726224 1749914.38862223
64.3617278394721 3146900.11174727 1614721.58057831 2238378.30767442
67.4972546321772 2621964.02453988 1628673.66094884 2749362.31451127
71.0940208809202 2136861.72036376 1540936.58131796 3322201.69831827
74.9146191492383 1750948.20123685 1369144.16501183 3879907.63375132
78.658101876734 1477641.54517164 1167262.64914118 4355095.80568717
82.4780989604469 1278159.35043801 960671.621367731 4761169.02819425
86.4019574893802 1132701.12075855 767845.383887039 5099453.49535441
90.9261112858788 1016326.42104716 580670.206712161 5403003.37224067
94.8841694517337 945317.257100377 448877.301029082 5605805.44187054
98.6595327404172 896081.035423062 348342.170792842 5755576.79378409
102.290714775689 860945.936299167 271479.641492315 5867574.42220851
105.989665134572 834148.667767369 209740.698257193 5956110.63397543
109.516938976571 814860.350542154 163523.294962488 6021616.35449535
112.97575494138 800397.358444677 127842.62820381 6071760.01335151
116.379393690589 789433.441445942 100186.76586726 6110379.79268679
119.745286916518 781034.034739804 78635.1355465789 6140330.82971361
120 780480.62925637 77203.8841398567 6142315.48660377
