f(9) = 9
f1(0) = 1, f2(0) = 2
a = 9, h1(0) = 9, h2(0) = 9
0.50000 1.773499180616010
1.00000 1.014456518889830
1.50000 0.886749590308005
2.00000 1.001126462728450
2.50000 1.329648443386290
3.00000 2.000150175628120
3.50000 3.324121108465740
4.00000 6.000450526884360
4.50000 11.634423879630100
5.00000 24.001802107537400
5.50000 52.354907458335400
6.00000 120.009010537687000
6.50000 287.951991020844000
7.00000 720.054063226123000
7.50000 1871.687941635490000
8.00000 5040.378442582860000
8.50000 14037.659562266200000
