Problem A1:
Random matrix A:
    6.916     8.978     5.678     4.691     1.218     3.533     5.467     5.034 
    1.256     5.159     7.825     7.414     7.679     1.118     4.067     9.696 
    9.472     0.656     5.081     3.103     0.267     3.150     6.866     7.407 
    4.327     9.833     0.462     9.326     1.611     4.502     4.314     1.662 
    9.878     1.565     1.427     7.312     4.849     5.928     6.001     4.800 
    1.708     8.469     2.777     8.330     8.460     5.594     9.806     2.565 
    3.135     1.518     1.674     1.228     3.774     4.304     3.567     3.766 
    2.112     8.270     0.364     1.385     3.071     6.142     3.422     6.754 
    0.845     6.163     7.535     6.115     9.691     6.755     4.846     3.544 
    4.655     0.282     1.395     1.798     0.373     8.535     8.948     8.733 
    0.027     7.897     6.190     0.093     2.828     3.086     7.888     5.574 
    7.997     7.661     5.200     6.579     5.563     4.616     1.729     5.566 
    5.047     6.023     7.485     2.296     8.059     3.691     2.874     6.380 
    6.672     8.130     6.572     3.493     2.910     1.770     3.393     3.576 
    9.323     1.632     1.358     5.174     9.952     3.329     3.926     7.759 
    8.276     1.961     8.118     2.029     1.555     8.267     7.981     0.040 
Decomposition Q:
    0.286     0.239    -0.037    -0.191    -0.292    -0.154     0.053     0.025 
    0.052     0.219     0.425     0.476    -0.060    -0.218     0.058     0.498 
    0.392    -0.253     0.148    -0.038    -0.260    -0.104     0.296     0.209 
    0.179     0.359    -0.430     0.271    -0.377     0.031    -0.123    -0.064 
    0.409    -0.220    -0.197     0.283     0.017     0.069     0.020    -0.066 
    0.071     0.370    -0.122     0.352     0.158     0.140     0.474    -0.385 
    0.130    -0.019     0.001    -0.056     0.226     0.191    -0.004     0.026 
    0.087     0.348    -0.324    -0.340     0.222     0.290    -0.162     0.303 
    0.035     0.281     0.376     0.315     0.207     0.281    -0.317    -0.110 
    0.193    -0.126    -0.017     0.002    -0.083     0.608     0.164     0.448 
    0.001     0.392     0.224    -0.330     0.040     0.058     0.486     0.027 
    0.331     0.141    -0.057     0.013    -0.011    -0.134    -0.453     0.092 
    0.209     0.148     0.267    -0.199     0.351    -0.124    -0.165     0.021 
    0.276     0.204     0.074    -0.250    -0.110    -0.323     0.005    -0.129 
    0.386    -0.200    -0.190     0.093     0.590    -0.229     0.169    -0.001 
    0.342    -0.152     0.382    -0.140    -0.202     0.360    -0.123    -0.469 
Decomposition R:
   24.174    14.626    14.072    15.339    13.587    15.804    17.401    17.343 
    0.000    20.082     8.811     9.414     9.684     6.408     8.143     7.209 
    0.000     0.000    12.149    -0.898     4.610     1.504     3.861     3.498 
    0.000     0.000     0.000    10.364     7.525     1.440     2.385     1.500 
    0.000     0.000     0.000     0.000    11.553     1.863    -0.137     4.824 
    0.000     0.000     0.000     0.000     0.000    10.651     8.697     1.938 
    0.000     0.000     0.000     0.000     0.000     0.000     8.431     3.781 
    0.000     0.000     0.000     0.000     0.000     0.000     0.000    11.064 
Q^(T)Q:
    1.000     0.000     0.000     0.000     0.000     0.000     0.000     0.000 
    0.000     1.000     0.000     0.000     0.000     0.000     0.000     0.000 
    0.000     0.000     1.000     0.000     0.000     0.000     0.000     0.000 
    0.000     0.000     0.000     1.000     0.000     0.000     0.000     0.000 
    0.000     0.000     0.000     0.000     1.000     0.000     0.000     0.000 
    0.000     0.000     0.000     0.000     0.000     1.000     0.000     0.000 
    0.000     0.000     0.000     0.000     0.000     0.000     1.000     0.000 
    0.000     0.000     0.000     0.000     0.000     0.000     0.000     1.000 
Q*R-A
    0.000     0.000     0.000     0.000     0.000     0.000     0.000     0.000 
    0.000     0.000     0.000     0.000     0.000     0.000     0.000     0.000 
    0.000     0.000     0.000     0.000     0.000     0.000     0.000     0.000 
    0.000     0.000     0.000     0.000     0.000     0.000     0.000     0.000 
    0.000     0.000     0.000     0.000     0.000     0.000     0.000     0.000 
    0.000     0.000     0.000     0.000     0.000     0.000     0.000     0.000 
    0.000     0.000     0.000     0.000     0.000     0.000     0.000     0.000 
    0.000     0.000     0.000     0.000     0.000     0.000     0.000     0.000 
    0.000     0.000     0.000     0.000     0.000     0.000     0.000     0.000 
    0.000     0.000     0.000     0.000     0.000     0.000     0.000     0.000 
    0.000     0.000     0.000     0.000     0.000     0.000     0.000     0.000 
    0.000     0.000     0.000     0.000     0.000     0.000     0.000     0.000 
    0.000     0.000     0.000     0.000     0.000     0.000     0.000     0.000 
    0.000     0.000     0.000     0.000     0.000     0.000     0.000     0.000 
    0.000     0.000     0.000     0.000     0.000     0.000     0.000     0.000 
    0.000     0.000     0.000     0.000     0.000     0.000     0.000     0.000 

Problem A2:
Input matrix A. 
    7.813     0.714     3.637     3.229     9.277     8.488     3.390     5.101     6.204 
    9.909     7.295     8.642     5.177     1.928     2.066     4.676     6.287     5.456 
    6.164     8.591     5.582     2.964     3.626     1.381     8.247     5.560     4.852 
    4.110     2.660     6.716     9.081     2.198     5.963     2.567     5.394     9.046 
    7.983     3.188     2.851     7.512     2.416     9.582     5.663     2.857     9.549 
    0.820     3.415     3.191     7.043     6.805     6.321     9.256     2.845     2.453 
    1.576     4.849     7.088     2.256     4.982     3.717     3.636     9.280     2.441 
    9.488     0.828     5.096     2.679     2.610     6.534     3.020     6.693     3.099 
    2.605     8.652     6.175     6.000     7.301     0.769     1.832     7.427     2.145 
Decomposition Q: 
    0.402    -0.302     0.038    -0.018     0.724    -0.179    -0.067    -0.349     0.251 
    0.510     0.155     0.032    -0.248    -0.377    -0.326     0.196    -0.463    -0.391 
    0.317     0.438    -0.387    -0.236    -0.033     0.198     0.333     0.137     0.577 
    0.211     0.033     0.582     0.458    -0.341    -0.190    -0.039     0.011     0.502 
    0.411    -0.102    -0.376     0.493    -0.165     0.489    -0.370    -0.124    -0.134 
    0.042     0.250     0.115     0.521     0.325     0.107     0.647     0.073    -0.332 
    0.081     0.335     0.568    -0.319     0.158     0.604    -0.194    -0.137    -0.102 
    0.488    -0.370     0.165    -0.210    -0.014     0.033     0.075     0.715    -0.188 
    0.134     0.608    -0.066     0.116     0.242    -0.413    -0.496     0.306    -0.163 
Decomposition R: 
   19.438    10.703    14.253    12.475    10.262    13.960    11.636    14.467    14.750 
    0.000    11.871     7.657     5.832     5.751    -1.544     6.345     7.615     2.012 
    0.000     0.000     5.919     3.740     2.938     3.585    -0.043     6.521     2.247 
    0.000     0.000     0.000     8.897     2.945     7.284     4.039    -1.109     6.334 
    0.000     0.000     0.000     0.000     9.441     4.431     2.582     2.912    -0.738 
    0.000     0.000     0.000     0.000     0.000     4.455     4.314     1.576     1.981 
    0.000     0.000     0.000     0.000     0.000     0.000     5.846    -1.667    -1.332 
    0.000     0.000     0.000     0.000     0.000     0.000     0.000     1.760    -2.405 
    0.000     0.000     0.000     0.000     0.000     0.000     0.000     0.000     3.490 
Q^(T)*b = 3.985 4.320 3.258 2.652 1.865 0.841 -0.710 -0.635 -1.276 
Size of Q.transpose(): 9x9, size of b: 9
Solution: x =-0.478 0.747 1.110 -0.253 0.045 1.092 -0.450 -0.861 -0.366 
A*x-b0.000 0.000 0.000 0.000 0.000 0.000 0.000 0.000 0.000 
