0.01 0.00442989039761965 0.00138861572165494 0.000269710170432091 12 12 8
0.00794328234724281 0.00442989039761965 0.000134775692725242 0.000269710170432091 12 20 8
0.00630957344480193 0.00442989039761965 0.000177522419516407 0.000269710170432091 12 24 8
0.00501187233627272 0.00442989039761965 0.000177522419516407 0.000269710170432091 12 24 8
0.00398107170553497 0.00165732129676366 4.22478642798652E-05 0.000269710170432091 16 28 8
0.00316227766016838 0.00165732129676366 4.22478642798652E-05 0.000269710170432091 16 28 8
0.00251188643150958 0.00155967881035846 7.83946675797509E-06 0.000269710170432091 20 32 8
0.00199526231496888 0.000585347888380383 7.83946675797509E-06 0.000269710170432091 24 32 8
0.00158489319246111 0.000585347888380383 7.83946675797509E-06 0.000269710170432091 24 32 8
0.00125892541179416 0.000585347888380383 5.24166932613923E-06 0.000269710170432091 24 44 8
0.000999999999999998 0.000241924437474506 4.43368124081189E-06 0.000269710170432091 28 48 8
0.00079432823472428 0.00021347567508867 1.60938548088296E-06 0.000269710170432091 32 52 8
0.000630957344480192 0.00021347567508867 2.23693605105879E-06 0.000269710170432091 32 56 8
0.000501187233627271 8.72592122274085E-05 2.23693605105879E-06 0.000269710170432091 40 56 8
0.000398107170553496 8.51760352551523E-05 2.23693605105879E-06 0.000269710170432091 44 56 8
0.000316227766016837 7.54149373562996E-05 2.23693605105879E-06 0.000269710170432091 48 56 8
0.000251188643150957 3.25865812031978E-05 9.19346332395321E-07 0.000269710170432091 52 80 8
0.000199526231496887 3.09919126957325E-05 5.53273515890851E-09 0.000269710170432091 56 92 8
0.000158489319246111 2.75857992528827E-05 2.16139151021366E-08 0.000269710170432091 60 104 8
0.000125892541179416 1.1951450767711E-05 2.16139151021366E-08 0.000269710170432091 68 104 8
9.99999999999996E-05 1.1736815759722E-05 2.26641772016478E-08 0.000269710170432091 72 108 8
7.94328234724279E-05 9.80060617461476E-06 2.06641654898476E-08 0.000269710170432091 88 116 8
6.30957344480192E-05 4.39095428372838E-06 3.41429382544334E-08 0.000269710170432091 96 120 8
5.01187233627272E-05 4.2217956615076E-06 5.98553926423051E-08 0.000269710170432091 100 128 8
3.98107170553497E-05 3.53719952528309E-06 6.1083023084052E-09 0.000269710170432091 112 172 8
3.16227766016838E-05 1.64572506733407E-06 3.48457485088716E-09 0.000269710170432091 116 184 8
2.51188643150958E-05 1.53175507922043E-06 1.87807192020273E-09 0.000269710170432091 128 200 8
1.99526231496888E-05 1.30306731449537E-06 2.55715550956381E-08 0.000269710170432091 140 216 8
1.58489319246112E-05 5.9218076975398E-07 2.7191287443884E-08 0.000269710170432091 160 220 8
1.25892541179417E-05 5.68491485886113E-07 2.74715730164132E-08 0.000269710170432091 184 232 8
1E-05 4.88503053119871E-07 2.74715730164132E-08 0.000269710170432091 196 232 8
7.94328234724285E-06 2.15554226912218E-07 2.81959113834773E-08 4.28813562525221E-06 212 304 16
6.30957344480197E-06 2.06829525062346E-07 2.72107998355864E-08 4.28813562525221E-06 224 352 16
5.01187233627276E-06 1.78753163826428E-07 2.81299676885283E-08 4.28813562525221E-06 240 384 16
3.981071705535E-06 7.82633073903583E-08 2.8107279170797E-08 4.28813562525221E-06 272 412 16
3.16227766016841E-06 7.62995644443265E-08 2.81540444291295E-08 5.61879932359233E-07 292 428 24
2.5118864315096E-06 6.38323967017129E-08 2.82178636012986E-08 5.61879932359233E-07 340 444 24
1.9952623149689E-06 2.84824008822682E-08 2.82730234779649E-08 5.61879932359233E-07 388 448 24
1.58489319246113E-06 2.73256266503097E-08 2.87346777483322E-08 5.61879932359233E-07 404 488 24
1.25892541179418E-06 2.30713790294601E-08 2.86216943479189E-08 5.61879932359233E-07 432 660 24
1.00000000000001E-06 1.04423087954331E-08 7.69784236354099E-12 5.61879932359233E-07 472 756 24
7.94328234724292E-07 9.9950141496663E-09 2.35855779351368E-11 5.61879932359233E-07 504 812 24
6.30957344480202E-07 8.28218471582431E-09 2.49729126267084E-11 5.61879932359233E-07 560 856 24
5.0118723362728E-07 3.76436215532294E-09 2.69126942953335E-11 5.61879932359233E-07 636 884 24
3.98107170553503E-07 3.56206264484626E-09 6.19593265582807E-12 5.61879932359233E-07 744 916 24
3.16227766016843E-07 2.96352009598877E-09 3.79074549528013E-12 9.29284915685002E-09 788 940 32
2.51188643150962E-07 1.37108902009686E-09 1.83231207984136E-12 9.29284915685002E-09 844 1216 32
1.99526231496892E-07 1.29559563077919E-09 4.50306458787963E-12 9.29284915685002E-09 892 1428 32
1.58489319246114E-07 1.06429931534535E-09 1.24344978758018E-14 9.29284915685002E-09 976 1564 32
1.25892541179419E-07 4.99362329264841E-10 1.48769885299771E-12 9.29284915685002E-09 1064 1668 32
1.00000000000002E-07 4.66031213619544E-10 6.55919762948542E-13 9.29284915685002E-09 1172 1740 32
7.94328234724298E-08 3.80516063103187E-10 8.58424442640171E-13 9.29284915685002E-09 1360 1804 32
6.30957344480207E-08 1.84416482085226E-10 1.50901513507051E-12 9.29284915685002E-09 1532 1856 32
5.01187233627284E-08 1.66584079863696E-10 1.91135995919467E-12 9.29284915685002E-09 1620 1972 32
3.98107170553507E-08 1.36877620349196E-10 5.20028464734423E-13 5.41881650661935E-10 1732 2668 40
3.16227766016846E-08 6.66684485395308E-11 5.19584375524573E-13 5.41881650661935E-10 1864 3000 40
2.51188643150964E-08 5.98077143365572E-11 4.70734562441066E-14 5.41881650661935E-10 2024 3228 40
1.99526231496893E-08 4.91162666094169E-11 4.35207425653061E-14 5.41881650661935E-10 2228 3408 40
1.58489319246116E-08 2.39248620914623E-11 4.70734562441066E-14 5.41881650661935E-10 2504 3544 40
1.2589254117942E-08 2.13207229649015E-11 7.54951656745106E-14 5.41881650661935E-10 2984 3660 40
1.00000000000003E-08 1.74864567270561E-11 5.77315972805081E-14 5.41881650661935E-10 3152 3744 40
7.94328234724305E-09 8.58602078324111E-12 5.32907051820075E-14 5.41881650661935E-10 3352 4800 40
6.30957344480212E-09 7.66053886991358E-12 4.17443857259059E-14 5.41881650661935E-10 3584 5684 40
5.01187233627288E-09 6.26076968046618E-12 4.84057238736568E-14 2.79815326464927E-09 3876 6232 48
3.9810717055351E-09 3.08952863292689E-12 1.77635683940025E-14 2.79815326464927E-09 4232 6632 48
3.16227766016848E-09 2.73825406793549E-12 2.30926389122033E-14 2.79815326464927E-09 4696 6952 48
2.51188643150966E-09 2.22932783344731E-12 2.39808173319034E-14 5.99438720882972E-10 5388 7200 56
1.99526231496895E-09 1.10089715121831E-12 2.39808173319034E-14 5.99438720882972E-10 6128 7396 56
1.58489319246117E-09 9.76996261670138E-13 3.99680288865056E-15 5.99438720882972E-10 6484 7780 56
1.25892541179421E-09 7.96696042471012E-13 3.5527136788005E-15 5.99438720882972E-10 6916 10584 56
1.00000000000004E-09 3.96127575186256E-13 1.77635683940025E-15 5.99438720882972E-10 7436 11948 56
7.94328234724311E-10 3.49498208151999E-13 1.77635683940025E-15 5.99438720882972E-10 8072 12868 56
6.30957344480218E-10 2.8421709430404E-13 1.77635683940025E-15 5.99438720882972E-10 8872 13580 56
5.01187233627292E-10 1.4122036873232E-13 1.33226762955019E-15 5.99438720882972E-10 9956 14148 56
3.98107170553513E-10 1.24344978758018E-13 8.88178419700125E-16 5.99438720882972E-10 11920 14596 56
3.16227766016851E-10 1.01252339845814E-13 8.88178419700125E-16 5.99438720882972E-10 12584 14956 56
2.51188643150968E-10 5.06261699229071E-14 4.44089209850063E-16 6.04910788126745E-10 13372 18912 64
1.99526231496896E-10 4.44089209850063E-14 8.88178419700125E-16 6.04910788126745E-10 14308 22600 64
1.58489319246118E-10 3.64153152077051E-14 8.88178419700125E-16 3.00870439673417E-12 15444 24824 80
1.25892541179422E-10 1.77635683940025E-14 8.88178419700125E-16 3.00870439673417E-12 16868 26464 80
1.00000000000005E-10 1.59872115546023E-14 8.88178419700125E-16 3.00870439673417E-12 18680 27732 80
7.94328234724318E-11 1.33226762955019E-14 8.88178419700125E-16 3.00870439673417E-12 21356 28736 80
6.30957344480223E-11 6.66133814775094E-15 0 3.00870439673417E-12 24452 29556 80
5.01187233627296E-11 5.77315972805081E-15 0 3.00870439673417E-12 25872 30340 80
3.98107170553516E-11 4.44089209850063E-15 0 2.60724775102972E-12 27584 41992 96
3.16227766016853E-11 2.66453525910038E-15 0 2.60724775102972E-12 29640 47516 96
2.51188643150971E-11 1.77635683940025E-15 0 2.60724775102972E-12 32168 51324 96
1.99526231496898E-11 1.77635683940025E-15 0 2.60724775102972E-12 35324 54208 96
1.5848931924612E-11 8.88178419700125E-16 0 2.46469511466785E-13 39556 56476 104
1.25892541179423E-11 8.88178419700125E-16 0 2.46469511466785E-13 47584 58296 104
1.00000000000005E-11 8.88178419700125E-16 0 2.46469511466785E-13 50188 59752 104
7.94328234724324E-12 4.44089209850063E-16 0 2.46469511466785E-13 53296 74404 104
6.30957344480228E-12 4.44089209850063E-16 0 2.46469511466785E-13 57020 89856 104
5.011872336273E-12 0 0 2.46469511466785E-13 61544 98920 104
3.9810717055352E-12 0 0 9.86766224286839E-13 67124 105552 112
3.16227766016856E-12 0 0 2.58371102290766E-12 74300 110692 120
2.51188643150973E-12 0 0 2.58371102290766E-12 84688 114780 120
1.995262314969E-12 0 0 2.58371102290766E-12 97520 118048 120
1.58489319246121E-12 0 0 2.57749377396976E-12 103176 120680 128
1.25892541179424E-12 0 0 2.55528931347726E-12 109944 166460 136
1.00000000000006E-12 0 0 5.55111512312578E-14 118092 189120 152
7.94328234724331E-13 0 0 5.55111512312578E-14 128064 204584 152
6.30957344480233E-13 0 0 1.15463194561016E-14 140568 216276 160
5.01187233627304E-13 0 0 1.15463194561016E-14 157192 225484 160
3.98107170553523E-13 0 0 1.15463194561016E-14 189840 232832 160
3.16227766016859E-13 0 0 2.22044604925031E-15 200172 238736 176
2.51188643150975E-13 0 0 2.22044604925031E-15 212472 292096 176
1.99526231496901E-13 0 0 7.99360577730113E-15 227228 357128 184
1.58489319246122E-13 0 0 7.99360577730113E-15 245140 394092 184
1.25892541179425E-13 0 0 3.10862446895044E-15 267236 420980 200
1.00000000000007E-13 0 0 3.10862446895044E-15 295516 441808 200
7.94328234724337E-14 0 0 3.10862446895044E-15 335968 458336 200
6.30957344480238E-14 0 0 1.77635683940025E-15 389044 471588 208
5.01187233627308E-14 0 0 1.77635683940025E-15 411460 482232 208
3.98107170553526E-14 0 0 1.77635683940025E-15 438268 659672 208
3.16227766016861E-14 0 0 5.32907051820075E-15 470564 752752 216
2.51188643150977E-14 0 0 5.77315972805081E-15 510004 815560 224
1.99526231496903E-14 0 0 4.44089209850063E-15 559360 862980 240
1.58489319246123E-14 0 0 2.66453525910038E-15 624728 900244 248
1.25892541179426E-14 0 0 2.66453525910038E-15 757444 929988 248
1.00000000000008E-14 0 0 2.66453525910038E-15 798372 953852 248
7.94328234724344E-15 0 0 2.66453525910038E-15 847132 1143184 280
6.30957344480243E-15 0 0 0 905624 1419216 296
5.01187233627312E-15 0 0 0 976504 1569976 304
3.9810717055353E-15 0 0 0 1063864 1679124 312
3.16227766016864E-15 0 0 0 1175368 1763464 320
2.51188643150979E-15 0 0 0 1333128 1830320 328
1.99526231496905E-15 0 0 0 1551968 1883908 336
1.58489319246125E-15 0 0 0 1640836 1926936 344
1.25892541179427E-15 0 0 0 1747092 2613096 360
1.00000000000009E-15 0 0 0 1875004 2995696 376
