101 0.0158095655007922
101.3 0.016195683664458
101.6 0.0165961129542011
101.9 0.0170115689920672
102.2 0.0174428126666881
102.5 0.0178906536109204
102.8 0.0183559539950067
103.1 0.018839632668379
103.4 0.0193426696871867
103.7 0.0198661112691261
104 0.0204110752222526
104.3 0.0209787569002697
104.6 0.0215704357434163
104.9 0.0221874824716421
105.2 0.0228313670054187
105.5 0.0235036671994652
105.8 0.0242060784860608
106.1 0.0249404245377373
106.4 0.0257086690742663
106.7 0.026512928956323
107 0.0273554887284359
107.3 0.0282388167972952
107.6 0.0291655834587722
107.9 0.0301386810188028
108.2 0.0311612462904259
108.5 0.0322366857927655
108.8 0.0333687040288019
109.1 0.0345613352788749
109.4 0.0358189794177846
109.7 0.037146442347279
110 0.0385489817353214
110.3 0.0400323588720816
110.6 0.0416028975941302
110.9 0.0432675513978327
111.2 0.0450339800666204
111.5 0.0469106373823926
111.8 0.0489068717884159
112.1 0.0510330422318802
112.4 0.0533006518540348
112.7 0.0557225027339673
113 0.0583128755533049
113.3 0.0610877388650048
113.6 0.0640649936606113
113.9 0.0672647601894319
114.2 0.0707097155583204
114.5 0.0744254926214444
114.8 0.0784411531729781
115.1 0.0827897516374824
115.4 0.0875090095197466
115.7 0.0926421261055728
116 0.0982387576720671
116.3 0.104356206280239
116.6 0.111060870782937
116.9 0.118430027953287
117.2 0.126554031969194
117.5 0.135539047771767
117.8 0.145510470737786
118.1 0.156617235522338
118.4 0.169037286419603
118.7 0.182984578330636
119 0.19871811352079
119.3 0.216553712934688
119.6 0.236879499435124
119.9 0.26017647624602
120.2 0.287046183004977
120.5 0.318248308242345
120.8 0.354752497481947
121.1 0.39781069117682
121.4 0.449059601745161
121.7 0.510668135551283
122 0.585552928707602
122.3 0.677698789616008
122.6 0.792643212705677
122.9 0.938220829108207
123.2 1.12572267394538
123.5 1.37171394427548
123.8 1.700861633329
124.1 2.15014344112088
124.4 2.7742420535942
124.7 3.6488627360078
125 4.85713256974793
125.3 6.41300247648542
125.6 8.05093163950288
125.9 9.03253668353338
126.2 8.66264902446402
126.5 7.22590319553248
126.8 5.56887460558116
127.1 4.18456262260535
127.4 3.15852653854607
127.7 2.42448539094423
128 1.89919233020745
128.3 1.51780494695397
128.6 1.23551608894903
128.9 1.0223525389905
129.2 0.858280993782013
129.5 0.729751960696374
129.8 0.627445754957537
130.1 0.544833374610279
130.4 0.477256481093935
130.7 0.421332766340231
131 0.374565780684241
131.3 0.335084624482808
131.6 0.30146732279524
131.9 0.272618988902179
132.2 0.247686445328898
132.5 0.225997493855996
132.8 0.207017108369865
133.1 0.190315417095731
133.4 0.175544012237185
133.7 0.162418218758905
134 0.150703680118498
134.3 0.140206107502166
134.6 0.130763372512096
134.9 0.122239353562666
135.2 0.114519107258904
135.5 0.107505049888113
135.8 0.101113915537047
136.1 0.0952743161114576
136.4 0.089924771379457
136.7 0.0850121086847362
137 0.0804901553733657
137.3 0.0763186644872006
137.6 0.072462427482658
137.9 0.0688905377678523
138.2 0.0655757765295709
138.5 0.0624940982370871
138.8 0.0596241977964747
139.1 0.0569471449072492
139.4 0.0544460739809347
139.7 0.0521059201967495
140 0.0499131940272794
140.3 0.0478557879685564
140.6 0.0459228103320314
140.9 0.0441044418600861
141.2 0.0423918116579387
141.5 0.0407768895286977
141.8 0.0392523922827168
142.1 0.0378117019890564
142.4 0.0364487944629321
142.7 0.0351581765520578
143 0.0339348310075699
143.3 0.0327741679103125
143.6 0.0316719817775786
143.9 0.0306244136044571
144.2 0.0296279172022015
144.5 0.0286792292871448
144.8 0.0277753428505594
145.1 0.0269134834049256
145.4 0.0260910877572771
145.7 0.025305785007261
146 0.024555379507612
146.3 0.0238378355589956
146.6 0.0231512636405356
146.9 0.0224939080025616
147.2 0.0218641354698334
147.5 0.0212604253222366
147.8 0.0206813601361499
148.100000000001 0.0201256174837278
148.400000000001 0.0195919623995351
148.700000000001 0.019079240534576
149.000000000001 0.0185863719270079
149.300000000001 0.0181123453269018
149.600000000001 0.0176562130194762
149.900000000001 0.0172170860974185
150.200000000001 0.0167941301383434
150.500000000001 0.0163865612482146
150.800000000001 0.0159936424357635
151.100000000001 0.0156146802866515
151.400000000001 0.0152490219094003
151.700000000001 0.0148960521280189
152.000000000001 0.0145551908988239
152.300000000001 0.0142258909312339
152.600000000001 0.0139076354943462
152.900000000001 0.0135999363929066
153.200000000001 0.013302332097893
153.500000000001 0.0130143860183667
153.800000000001 0.0127356849025276
154.100000000001 0.0124658373570538
154.400000000001 0.012204472474837
154.700000000001 0.0119512385621395
155.000000000001 0.0117058019570312
155.300000000001 0.0114678459317028
155.600000000001 0.0112370696719224
155.900000000001 0.0110131873275032
156.200000000001 0.0107959271281937
156.500000000001 0.0105850305598904
156.800000000001 0.0103802515965175
157.100000000001 0.010181355983316
157.400000000001 0.0099881205676499
157.700000000001 0.00980033267376306
158.000000000001 0.00961778951822049
158.300000000001 0.00944029766303711
158.600000000001 0.00926767250374339
158.900000000001 0.00909973778986109
