Dt
0.0000000000000000 0.0000000000000000 0.9975445008063340 0.0000000000000000
0.0100000000000000 0.0099752874308959 0.9974972276560920 0.0000498768310974
0.0200000000000000 0.0199496293987869 0.9973554082053680 0.0001995025970746
0.0300000000000000 0.0299220804406683 0.9971190424541600 0.0004488631159864
0.0400000000000000 0.0398916950935352 0.9967881304024700 0.0007979347512579
0.0500000000000000 0.0498575278943827 0.9963626720502960 0.0012466844116837
0.0600000000000000 0.0598186333802061 0.9958426673976390 0.0017950695514288
0.0700000000000000 0.0697740660880006 0.9952281164444990 0.0024430381700278
0.0800000000000000 0.0797228805547612 0.9945190191908760 0.0031905288123854
0.0900000000000000 0.0896641313174831 0.9937153756367700 0.0040374705687762
0.1000000000000000 0.0995968729131616 0.9928171857821810 0.0049837830748449
0.1100000000000000 0.1095201598787920 0.9918244496271090 0.0060293765116059
0.1200000000000000 0.1194330467513690 0.9907371671715540 0.0071741516054439
0.1300000000000000 0.1293345880678880 0.9895553384155150 0.0084179996281131
0.1400000000000000 0.1392238383653440 0.9882789633589940 0.0097608023967381
0.1500000000000000 0.1490998521807330 0.9869080420019900 0.0112024322738131
0.1600000000000000 0.1589616840510490 0.9854425743445020 0.0127427521672025
0.1700000000000000 0.1688083885132880 0.9838825603865320 0.0143816155301405
0.1800000000000000 0.1786390201044450 0.9822280001280780 0.0161188663612313
0.1900000000000000 0.1884526333615150 0.9804788935691420 0.0179543392044491
0.2000000000000000 0.1982482828214930 0.9786352407097220 0.0198878591491380
0.2100000000000000 0.2080250230213740 0.9766970415498190 0.0219192418300120
0.2200000000000000 0.2177819084981540 0.9746642960894340 0.0240482934271551
0.2300000000000000 0.2275179937888280 0.9725370043285650 0.0262748106660214
0.2400000000000000 0.2372323334303910 0.9703151662672130 0.0285985808174347
0.2500000000000000 0.2469239819598370 0.9679987819053780 0.0310193816975888
0.2600000000000000 0.2565919939141630 0.9655878512430600 0.0335369816680477
0.2700000000000000 0.2662354238303630 0.9630823742802590 0.0361511396357450
0.2800000000000000 0.2758533262454330 0.9604823510169750 0.0388616050529845
0.2900000000000000 0.2854447556963680 0.9577877814532070 0.0416681179174399
0.3000000000000000 0.2950087667201630 0.9549986655889570 0.0445704087721547
0.3100000000000000 0.3045444138538120 0.9521150034242240 0.0475681987055426
0.3200000000000000 0.3140507516343120 0.9491367949590070 0.0506611993513872
0.3300000000000000 0.3235268345986570 0.9460640401933080 0.0538491128888417
0.3400000000000000 0.3329717172838430 0.9428967391271250 0.0571316320424298
0.3500000000000000 0.3423844542268650 0.9396348917604600 0.0605084400820447
0.3600000000000000 0.3517640999647180 0.9362784980933110 0.0639792108229499
0.3700000000000000 0.3611097090343960 0.9328275581256800 0.0675436086257785
0.3800000000000000 0.3704203359728960 0.9292820718575650 0.0712012883965338
0.3900000000000000 0.3796950353172130 0.9256420392889670 0.0749518955865891
0.4000000000000000 0.3889328616043410 0.9219074604198860 0.0787950661926875
0.4100000000000000 0.3981328693712760 0.9180783352503220 0.0827304267569420
0.4200000000000000 0.4072941131550120 0.9141546637802750 0.0867575943668357
0.4300000000000000 0.4164156474925460 0.9101364460097450 0.0908761766552216
0.4400000000000000 0.4254965269208720 0.9060236819387320 0.0950857718003226
0.4500000000000000 0.4345358059769860 0.9018163715672360 0.0993859685257316
0.4600000000000000 0.4435325391978820 0.8975145148952570 0.1037763461004120
0.4700000000000000 0.4524857811205560 0.8931181119227940 0.1082564743386950
0.4800000000000000 0.4613945862820030 0.8886271626498490 0.1128259136002850
0.4900000000000000 0.4702580092192180 0.8840416670764210 0.1174842147902550
0.5000000000000000 0.4790751044691960 0.8793616252025090 0.1222309193590460
0.5100000000000000 0.4878449265689330 0.8745870370281150 0.1270655593024710
0.5200000000000000 0.4965665300554240 0.8697179025532370 0.1319876571617130
0.5300000000000000 0.5052389694656630 0.8647542217778770 0.1369967260233250
0.5400000000000000 0.5138612993366460 0.8596959947020330 0.1420922695192290
0.5500000000000000 0.5224325742053690 0.8545432213257060 0.1472737818267170
0.5600000000000000 0.5309518486088260 0.8492959016488960 0.1525407476684520
0.5700000000000000 0.5394181770840120 0.8439540356716030 0.1578926423124660
0.5800000000000000 0.5478306141679230 0.8385176233938280 0.1633289315721620
0.5900000000000000 0.5561882143975530 0.8329866648155680 0.1688490718063100
0.6000000000000000 0.5644900323098990 0.8273611599368260 0.1744525099190550
0.6100000000000000 0.5727351224419550 0.8216411087576010 0.1801386833599070
0.6200000000000000 0.5809225393307160 0.8158265112778930 0.1859070201237500
0.6300000000000000 0.5890513375131780 0.8099173674977020 0.1917569387508340
0.6400000000000000 0.5971205715263350 0.8039136774170280 0.1976878483267820
0.6500000000000000 0.6051292959071840 0.7978154410358700 0.2036991484825870
0.6600000000000000 0.6130765651927180 0.7916226583542300 0.2097902293946080
0.6700000000000000 0.6209614339199330 0.7853353293721060 0.2159604717845800
0.6800000000000000 0.6287829566258250 0.7789534540895000 0.2222092469196030
0.6900000000000000 0.6365401878473880 0.7724770325064100 0.2285359166121490
0.7000000000000000 0.6442321821216180 0.7659060646228380 0.2349398332200590
0.7100000000000000 0.6518579939855100 0.7592405504387820 0.2414203396465470
0.7200000000000000 0.6594166779760590 0.7524804899542430 0.2479767693401920
0.7300000000000000 0.6669072886302600 0.7456258831692210 0.2546084462949470
0.7400000000000000 0.6743288804851090 0.7386767300837160 0.2613146850501320
0.7500000000000000 0.6816805080775990 0.7316330306977280 0.2680947906904410
0.7600000000000000 0.6889612259447280 0.7244947850112580 0.2749480588459330
0.7700000000000000 0.6961700886234900 0.7172619930243030 0.2818737756920410
0.7800000000000000 0.7033061506508790 0.7099346547368660 0.2888712179495650
0.7900000000000000 0.7103684665638920 0.7025127701489460 0.2959396528846770
0.8000000000000000 0.7173560908995230 0.6949963392605430 0.3030783383089180
0.8100000000000010 0.7242681737777360 0.6874140369621150 0.3102865228181570
0.8200000000000010 0.7311042476503670 0.6797945381441210 0.3175634484211210
0.8300000000000010 0.7378639405522200 0.6721378428065610 0.3249083531679290
0.8400000000000010 0.7445468805181000 0.6644439509494340 0.3323204713890460
0.8500000000000010 0.7511526955828100 0.6567128625727420 0.3397990336952870
0.8600000000000010 0.7576810137811560 0.6489445776764830 0.3473432669778140
0.8700000000000010 0.7641314631479410 0.6411390962606580 0.3549523944081380
0.8800000000000010 0.7705036717179710 0.6332964183252670 0.3626256354381170
0.8900000000000010 0.7767972675260480 0.6254165438703090 0.3703622057999580
0.9000000000000010 0.7830118786069780 0.6174994728957850 0.3781613175062140
0.9100000000000010 0.7891471329955650 0.6095452054016960 0.3860221788497890
0.9200000000000010 0.7952026587266140 0.6015537413880400 0.3939439944039340
0.9300000000000010 0.8011780838349280 0.5935250808548170 0.4019259650222460
0.9400000000000010 0.8070730363553110 0.5854592238020290 0.4099672878386720
0.9500000000000010 0.8128871443225700 0.5773561702296740 0.4180671562675080
0.9600000000000010 0.8186200357715060 0.5692159201377540 0.4262247600033960
0.9700000000000010 0.8242713387369260 0.5610384735262670 0.4344392850213270
0.9800000000000010 0.8298406812536330 0.5528238303952130 0.4427099135766390
0.9900000000000010 0.8353276913564320 0.5445719907445940 0.4510358242050200
1.0000000000000000 0.8407319970801270 0.5362829545744080 0.4594161917225040
1.0100000000000000 0.8460532264595220 0.5279567218846570 0.4678501872254750
1.0200000000000000 0.8512910075294210 0.5195932926753390 0.4763369780906630
1.0300000000000000 0.8564449683246300 0.5111926669464540 0.4848757279751470
1.0400000000000000 0.8615147368799520 0.5027548446980040 0.4934655968163560
1.0500000000000000 0.8664999412301910 0.4942798259299880 0.5021057408320630
1.0600000000000000 0.8714002094101530 0.4857676106424050 0.5107953125203920
1.0700000000000000 0.8762151694546410 0.4772181988352560 0.5195334606598140
1.0800000000000000 0.8809444493984590 0.4686315905085410 0.5283193303091490
1.0900000000000000 0.8855876772764130 0.4600077856622590 0.5371520628075640
1.1000000000000000 0.8901444811233060 0.4513467842964120 0.5460307957745740
1.1100000000000000 0.8946144889739430 0.4426485864109980 0.5549546631100430
1.1200000000000000 0.8989973288631270 0.4339131920060180 0.5639227949941810
1.1300000000000000 0.9032926288256650 0.4251406010814720 0.5729343178875500
1.1400000000000000 0.9075000168963580 0.4163308136373600 0.5819883545310550
1.1500000000000000 0.9116191211100130 0.4074838296736810 0.5910840239459530
1.1600000000000000 0.9156495695014340 0.3985996491904360 0.6002204414338480
1.1700000000000000 0.9195909901054230 0.3896782721876260 0.6093967185766910
1.1800000000000000 0.9234430109567870 0.3807196986652480 0.6186119632367810
1.1900000000000000 0.9272052600903300 0.3717239286233050 0.6278652795567670
1.2000000000000000 0.9308773655408550 0.3626909620617960 0.6371557679596440
1.2100000000000000 0.9344589553431670 0.3536207989807200 0.6464825251487570
1.2200000000000000 0.9379496575320710 0.3445134393800780 0.6558446441077960
1.2300000000000000 0.9413491001423700 0.3353688832598700 0.6652412141008030
1.2400000000000000 0.9446569112088700 0.3261871306200960 0.6746713206721640
1.2500000000000000 0.9478727187663740 0.3169681814607550 0.6841340456466170
1.2600000000000000 0.9509961508496860 0.3077120357818480 0.6936284671292450
1.2700000000000000 0.9540268354936120 0.2984186935833760 0.7031536595054790
1.2800000000000000 0.9569644007329550 0.2890881548653370 0.7127086934411020
1.2900000000000000 0.9598084746025200 0.2797204196277310 0.7222926358822390
1.3000000000000000 0.9625586851371110 0.2703154878705600 0.7319045500553690
1.3100000000000000 0.9652146603715330 0.2608733595938220 0.7415434954673140
1.3200000000000000 0.9677760283405890 0.2513940347975180 0.7512085279052480
1.3300000000000000 0.9702424170790850 0.2418775134816480 0.7608986994366910
1.3400000000000000 0.9726134546218240 0.2323237956462120 0.7706130584095110
1.3500000000000000 0.9748887690036100 0.2227328812912100 0.7803506494519240
1.3600000000000000 0.9770679882592490 0.2131047704166410 0.7901105134724960
1.3700000000000000 0.9791507404235450 0.2034394630225060 0.7998916876601380
1.3800000000000000 0.9811366535313010 0.1937369591088050 0.8096932054841120
1.3900000000000000 0.9830253556173220 0.1839972586755380 0.8195140966940250
1.4000000000000000 0.9848164747164130 0.1742203617227040 0.8293533873198350
1.4100000000000000 0.9865096388633780 0.1644062682503050 0.8392100996718460
1.4200000000000000 0.9881044760930200 0.1545549782583390 0.8490832523407110
1.4300000000000000 0.9896006144401460 0.1446664917468070 0.8589718601974320
1.4400000000000000 0.9909976819395580 0.1347408087157090 0.8688749343933550
1.4500000000000000 0.9922953066260620 0.1247779291650440 0.8787914823601800
1.4600000000000000 0.9934931165344600 0.1147778530948140 0.8887205078099490
1.4700000000000000 0.9945907396995590 0.1047405805050170 0.8986610107350580
1.4800000000000000 0.9955878041561620 0.0946661113956541 0.9086119874082460
1.4900000000000000 0.9964839379390740 0.0845544457667248 0.9185724303826020
1.5000000000000000 0.9972787690830980 0.0744055836182295 0.9285413284915640
1.5100000000000000 0.9979719256230400 0.0642195249501679 0.9385176668489170
1.5200000000000000 0.9985630355937030 0.0539962697625402 0.9485004268487940
1.5300000000000000 0.9990517270298920 0.0437358180553462 0.9584885861656760
1.5400000000000000 0.9994376279664110 0.0334381698285860 0.9684811187543930
1.5500000000000000 0.9997203664380650 0.0231033250822597 0.9784769948501220
1.5600000000000000 0.9998995704796580 0.0127312838163671 0.9884751809683880
1.5700000000000000 0.9999748681259940 0.0023220460309084 0.9984746399050640
1.5800000000000000 0.9999458874118780 -0.0081243882741166 1.0084743307363700
1.5900000000000000 0.9998122563721130 -0.0186080190987077 1.0184732088188800
1.6000000000000000 0.9995736030415050 -0.0291288464428650 1.0284702257895100
1.6100000000000000 0.9992296886488100 -0.0396469121206394 1.0384643298985100
1.6200000000000000 0.9987808071986000 -0.0501222579460817 1.0484544696723000
1.6300000000000000 0.9982273858893970 -0.0605548839191920 1.0584395975762900
1.6400000000000000 0.9975698519197240 -0.0709447900399702 1.0684186703478800
1.6500000000000000 0.9968086324881050 -0.0812919763084163 1.0783906489964700
1.6600000000000000 0.9959441547930630 -0.0915964427245303 1.0883544988034300
1.6700000000000000 0.9949768460331220 -0.1018581892883120 1.0983091893221200
1.6800000000000000 0.9939071334068050 -0.1120772159997620 1.1082536943778700
1.6900000000000000 0.9927354441126350 -0.1222535228588800 1.1181869920680300
1.7000000000000000 0.9914622053491350 -0.1323871098656660 1.1281080647619000
1.7100000000000000 0.9900878443148290 -0.1424779770201200 1.1380158991007800
1.7200000000000000 0.9886127882082400 -0.1525261243222410 1.1479094859979500
1.7300000000000000 0.9870374642278920 -0.1625315517720310 1.1577878206387000
1.7400000000000000 0.9853622995723080 -0.1724942593694880 1.1676499024802600
1.7500000000000000 0.9835877214400100 -0.1824142471146140 1.1774947352518900
1.7600000000000000 0.9817141570295230 -0.1922915150074070 1.1873213269548000
1.7700000000000000 0.9797420335393700 -0.2021260630478690 1.1971286898622100
1.7800000000000000 0.9776717781680730 -0.2119178912359980 1.2069158405193200
1.7900000000000000 0.9755038181141570 -0.2216669995717950 1.2166817997433000
1.8000000000000000 0.9732385805761450 -0.2313733880552600 1.2264255926233200
1.8100000000000000 0.9708764927525600 -0.2410370566863930 1.2361462485205300
1.8200000000000000 0.9684179818419250 -0.2506580054651940 1.2458428010680800
1.8300000000000000 0.9658634750427640 -0.2602362343916630 1.2555142881710800
1.8400000000000000 0.9632133995536000 -0.2697717434658000 1.2651597520066400
1.8500000000000000 0.9604681825729560 -0.2792645326876050 1.2747782390238400
1.8600000000000000 0.9576282512993550 -0.2887146020570770 1.2843687999437800
1.8700000000000000 0.9546940329313220 -0.2981219515742180 1.2939304897595200
1.8800000000000000 0.9516659546673790 -0.3074865812390270 1.3034623677360900
1.8900000000000000 0.9485444437060490 -0.3168084910515030 1.3129634974105400
1.9000000000000000 0.9453299272458570 -0.3260876810116480 1.3224329465918800
1.9100000000000000 0.9420228324853240 -0.3353241511194600 1.3318697873611200
1.9200000000000000 0.9386235866229750 -0.3445179013749400 1.3412730960712500
1.9300000000000000 0.9351326168573330 -0.3536689317780890 1.3506419533472400
1.9400000000000000 0.9315503503869210 -0.3627772423289050 1.3599754440860500
1.9500000000000000 0.9278772144102630 -0.3718428330273890 1.3692726574566200
1.9600000000000000 0.9241136361258810 -0.3808657038735410 1.3785326868998900
1.9700000000000000 0.9202600427323000 -0.3898458548673610 1.3877546301287800
1.9800000000000000 0.9163168614280420 -0.3987832860088490 1.3969375891281700
1.9900000000000000 0.9122845194116300 -0.4076779972980050 1.4060806701549600
2.0000000000000000 0.9081634438815890 -0.4165299887348280 1.4151829837380200
2.0100000000000000 0.9039540620364420 -0.4253392603193200 1.4242436446782100
2.0200000000000000 0.8996568010747110 -0.4341058120514790 1.4332617720483600
2.0300000000000000 0.8952720881949200 -0.4428296439313070 1.4422364891933100
2.0400000000000000 0.8908003505955930 -0.4515107559588020 1.4511669237298600
2.0500000000000000 0.8862420154752520 -0.4601491481339650 1.4600522075468200
2.0600000000000000 0.8815975100324210 -0.4687448204567960 1.4688914768049600
2.0700000000000000 0.8768672614656240 -0.4772977729272960 1.4776838719370500
2.0800000000000000 0.8720516969733830 -0.4858080055454630 1.4864285376478500
2.0900000000000000 0.8671512437542230 -0.4942755183112980 1.4951246229141000
2.1000000000000000 0.8621663290066650 -0.5027003112248010 1.5037712809845100
2.1100000000000000 0.8570973799292350 -0.5110823842859710 1.5123676693798000
2.1200000000000000 0.8519448237204540 -0.5194217374948100 1.5209129498926600
2.1300000000000000 0.8467090875788470 -0.5277183708513170 1.5294062885877600
2.1400000000000000 0.8413905987029360 -0.5359722843554920 1.5378468558017900
2.1500000000000000 0.8359897842912450 -0.5441834780073340 1.5462338261433700
2.1600000000000000 0.8305070715422970 -0.5523519518068450 1.5545663784931500
2.1700000000000000 0.8249428876546160 -0.5604777057540230 1.5628436960037500
2.1800000000000000 0.8192976598267250 -0.5685607398488700 1.5710649660997800
2.1900000000000000 0.8135718152571470 -0.5766010540913840 1.5792293804778100
2.2000000000000000 0.8077657811444050 -0.5845986484815670 1.5873361351064400
2.2100000000000000 0.8018799846870230 -0.5925535230194170 1.5953844302262200
2.2200000000000000 0.7959148530835250 -0.6004656777049350 1.6033734703497000
2.2300000000000000 0.7898708135324320 -0.6083351125381210 1.6113024642614000
2.2400000000000000 0.7837482932322700 -0.6161618275189750 1.6191706250178500
2.2500000000000000 0.7775477193815610 -0.6239458226474970 1.6269771699475400
2.2600000000000000 0.7712695191788280 -0.6316870979236870 1.6347213206509700
2.2700000000000000 0.7649141198225950 -0.6393856533475450 1.6424023030006100
2.2800000000000000 0.7584819485113860 -0.6470414889190700 1.6500193471409100
2.2900000000000000 0.7519734324437220 -0.6546546046382640 1.6575716874883100
2.2999999999999900 0.7453889988181280 -0.6622250005051260 1.6650585627312500
2.3099999999999900 0.7387290748331280 -0.6697526765196550 1.6724792158301400
2.3199999999999900 0.7319940876872430 -0.6772376326818530 1.6798328940173800
2.3299999999999900 0.7251844645789990 -0.6846798689917180 1.6871188487973500
2.3399999999999900 0.7183006327069170 -0.6920793854492520 1.6943363359464100
2.3499999999999900 0.7113430192695220 -0.6994361820544530 1.7014846155129300
2.3599999999999900 0.7043120514653360 -0.7067502588073220 1.7085629518172500
2.3699999999999900 0.6972081564928830 -0.7140216157078590 1.7155706134516800
2.3799999999999900 0.6900317615506870 -0.7212502527560650 1.7225068732805400
2.3899999999999900 0.6827832938372700 -0.7284361699519380 1.7293710084401200
2.3999999999999900 0.6754631805511560 -0.7355793672954790 1.7361623003387100
2.4099999999999900 0.6680719388726910 -0.7426528502398770 1.7428800348815200
2.4199999999999900 0.6606104459095120 -0.7496296242383220 1.7495235049452100
2.4299999999999900 0.6530796687510780 -0.7565096892908130 1.7560920128523900
2.4399999999999900 0.6454805744868490 -0.7632930453973510 1.7625848705965500
2.4499999999999900 0.6378141302062850 -0.7699796925579350 1.7690013998420700
2.4599999999999900 0.6300813029988440 -0.7765696307725660 1.7753409319242500
2.4699999999999900 0.6222830599539870 -0.7830628600412430 1.7816028078492600
2.4799999999999900 0.6144203681611730 -0.7894593803639670 1.7877863782941700
2.4899999999999900 0.6064941947098610 -0.7957591917407370 1.7938910036069500
2.4999999999999900 0.5985055066895120 -0.8019622941715540 1.7999160538064700
2.5099999999999900 0.5904552711895840 -0.8080686876564170 1.8058609085824800
2.5199999999999900 0.5823444552995370 -0.8140783721953270 1.8117249572956300
2.5299999999999900 0.5741740261088310 -0.8199913477882830 1.8175075989774700
2.5399999999999900 0.5659449507069250 -0.8258076144352860 1.8232082423304300
2.5499999999999900 0.5576581961832790 -0.8315271721363350 1.8288263057278700
2.5599999999999900 0.5493147296273520 -0.8371500208914300 1.8343612172139900
2.5699999999999900 0.5409155181286030 -0.8426761607005730 1.8398124145039400
2.5799999999999900 0.5324615287764940 -0.8481055915637610 1.8451793449837200
2.5899999999999900 0.5239537286604820 -0.8534383134809970 1.8504614657102500
2.5999999999999900 0.5153930848700270 -0.8586743264522780 1.8556582434113500
2.6099999999999900 0.5067805644945900 -0.8638136304776070 1.8607691544857000
2.6199999999999900 0.4981171346236290 -0.8688562255569810 1.8657936850029200
2.6299999999999900 0.4894037623466040 -0.8738021116904020 1.8707313307034900
2.6399999999999900 0.4806414147529740 -0.8786512888778700 1.8755815969988000
2.6499999999999900 0.4718310589322000 -0.8834037571193840 1.8803439989711200
2.6599999999999900 0.4629736619737400 -0.8880595164149450 1.8850180613736500
2.6699999999999900 0.4540701909670540 -0.8926185667645520 1.8896033186304400
2.6799999999999900 0.4451216130016030 -0.8970809081682060 1.8940993148364600
2.6899999999999900 0.4361288951668440 -0.9014465406259060 1.8985056037575700
2.6999999999999900 0.4270930045522380 -0.9057154641376530 1.9028217488305300
2.7099999999999900 0.4180149082472440 -0.9098876787034460 1.9070473231629800
2.7199999999999900 0.4088955733413230 -0.9139631843232850 1.9111819095334700
2.7299999999999900 0.3997359669239320 -0.9179419809971720 1.9152251003914400
2.7399999999999900 0.3905370560845330 -0.9218240687251040 1.9191764978572100
2.7499999999999900 0.3812998079125840 -0.9256094475070840 1.9230357137220200
2.7599999999999900 0.3720251894975450 -0.9292981173431090 1.9268023694479800
2.7699999999999800 0.3627141679288750 -0.9328900782331810 1.9304760961681200
2.7799999999999800 0.3533677102960350 -0.9363853301773000 1.9340565346863500
2.7899999999999800 0.3439867836884830 -0.9397838731754650 1.9375433354774600
2.7999999999999800 0.3345723551956790 -0.9430857072276770 1.9409361586871700
2.8099999999999800 0.3251253919070830 -0.9462908323339350 1.9442346741320600
2.8199999999999800 0.3156468609121540 -0.9493992484942400 1.9474385612996200
2.8299999999999800 0.3061377293003520 -0.9524109557085910 1.9505475093482400
2.8399999999999800 0.2965989641611360 -0.9553259539769890 1.9535612171072000
2.8499999999999800 0.2870315325839650 -0.9581442432994320 1.9564793930766700
2.8599999999999800 0.2774364016583000 -0.9608658236759230 1.9593017554277200
2.8699999999999800 0.2678145384736000 -0.9634906951064600 1.9620280320023100
2.8799999999999800 0.2581669101193250 -0.9660188575910440 1.9646579603132900
2.8899999999999800 0.2484944836849330 -0.9684503111296740 1.9671912875444300
2.8999999999999800 0.2387982262598850 -0.9707850557223510 1.9696277705503600
2.9099999999999800 0.2290791049336400 -0.9730230913690740 1.9719671758566200
2.9199999999999800 0.2193380867956570 -0.9751644180698430 1.9742092796596600
2.9299999999999800 0.2095761389353970 -0.9772090358246590 1.9763538678267900
2.9399999999999800 0.1997942284423170 -0.9791569446335220 1.9784007358962600
2.9499999999999800 0.1899933224058800 -0.9810081444964310 1.9803496890771600
2.9599999999999800 0.1801743879155420 -0.9827626354133870 1.9822005422495300
2.9699999999999800 0.1703383920607660 -0.9844204173843890 1.9839531199642600
2.9799999999999800 0.1604863019310080 -0.9859814904094380 1.9856072564431600
2.9899999999999800 0.1506190846157300 -0.9874458544885330 1.9871627955789300
2.9999999999999800 0.1407377072043910 -0.9888135096216740 1.9886195909351500
3.0099999999999800 0.1308431367864500 -0.9900844558088620 1.9899775057463300
3.0199999999999800 0.1209363404513680 -0.9912586930500970 1.9912364129178200
3.0299999999999800 0.1110182852886020 -0.9923362213453780 1.9923961950259300
3.0399999999999800 0.1010899383876140 -0.9933170406947060 1.9934567443178000
3.0499999999999800 0.0911522668378616 -0.9942011510980790 1.9944179627115200
3.0599999999999800 0.0812062377288056 -0.9949885525555000 1.9952797617960300
3.0699999999999800 0.0712528181499052 -0.9956792450669670 1.9960420628311900
3.0799999999999800 0.0612929751906198 -0.9962732286324810 1.9967047967477600
3.0899999999999800 0.0513276759404091 -0.9967705032520410 1.9972679041473700
3.0999999999999800 0.0413578874887327 -0.9971710689256480 1.9977313353025600
3.1099999999999800 0.0313845769250499 -0.9974749256533010 1.9980950501567700
3.1199999999999800 0.0214087113388203 -0.9976820734350000 1.9983590183243200
3.1299999999999800 0.0114312578195035 -0.9977925122707460 1.9985232190904400
3.1399999999999800 0.0014531834565590 -0.9978062421605390 1.9985876414112300
3.1499999999999800 -0.0085245446605537 -0.9977232631043780 1.9985522839137200
3.1599999999999800 -0.0185009594423750 -0.9975435751022640 1.9984171548958100
3.1699999999999800 -0.0284750937994454 -0.9972671781541950 1.9981822723262900
3.1799999999999800 -0.0384459806423053 -0.9968940722601740 1.9978476638448600
3.1899999999999800 -0.0484126528814953 -0.9964242574201990 1.9974133667621200
3.1999999999999800 -0.0583741434275557 -0.9958577336342710 1.9968794280595500
3.2099999999999800 -0.0683294928926609 -0.9951968113925090 1.9962459043702600
3.2199999999999800 -0.0782777726955198 -0.9944438011850340 1.9955128617672300
3.2299999999999800 -0.0882180619564754 -0.9935987030118450 1.9946803755514900
3.2399999999999700 -0.0981494397958706 -0.9926615168729430 1.9937485302328400
3.2499999999999700 -0.1080709853340480 -0.9916322427683280 1.9927174195299100
3.2599999999999700 -0.1179817776913510 -0.9905108806979990 1.9915871463701000
3.2699999999999700 -0.1278808959881220 -0.9892974306619560 1.9903578228896200
3.2799999999999700 -0.1377674193447040 -0.9879918926602010 1.9890295704334700
3.2899999999999700 -0.1476404268814400 -0.9865942666927320 1.9876025195554600
3.2999999999999700 -0.1574989977186730 -0.9851045527595500 1.9860768100181700
3.3099999999999700 -0.1673422109767450 -0.9835227508606540 1.9844525907930100
3.3199999999999700 -0.1771691457759990 -0.9818488609960450 1.9827300200601700
3.3299999999999700 -0.1869788812367800 -0.9800828831657220 1.9809092652086200
3.3399999999999700 -0.1967704964794280 -0.9782248173696860 1.9789905028361600
3.3499999999999700 -0.2065430706242870 -0.9762746636079370 1.9769739187493600
3.3599999999999700 -0.2162956827917000 -0.9742324218804740 1.9748597079636000
3.3699999999999700 -0.2260274121020100 -0.9720980921872980 1.9726480747030500
3.3799999999999700 -0.2357373376755600 -0.9698716745284090 1.9703392324006800
3.3899999999999700 -0.2454245386326930 -0.9675531689038060 1.9679334036982600
3.3999999999999700 -0.2550880940937500 -0.9651425753134900 1.9654308204463500
3.4099999999999700 -0.2647270831790760 -0.9626398937574600 1.9628317237043000
3.4199999999999700 -0.2743405850090130 -0.9600451242357170 1.9601363637402800
3.4299999999999700 -0.2839276787039040 -0.9573582667482610 1.9573450000312400
3.4399999999999700 -0.2934874433840920 -0.9545793212950910 1.9544579012629200
3.4499999999999700 -0.3030189581699200 -0.9517082878762080 1.9514753453298700
3.4599999999999700 -0.3125213021817300 -0.9487451664916110 1.9483976193354400
3.4699999999999700 -0.3219935545398660 -0.9456899571413010 1.9452250195917500
3.4799999999999700 -0.3314347943646700 -0.9425426598252780 1.9419578516197500
3.4899999999999700 -0.3408441007764860 -0.9393032745435410 1.9385964301491700
3.4999999999999700 -0.3502205528956550 -0.9359718012960910 1.9351410791185300
3.5099999999999700 -0.3595632298425210 -0.9325482400829280 1.9315921316751600
3.5199999999999700 -0.3688712107374280 -0.9290325909040510 1.9279499301751800
3.5299999999999700 -0.3781435747007160 -0.9254248537594600 1.9242148261835200
3.5399999999999700 -0.3873794008527310 -0.9217250286491570 1.9203871804738700
3.5499999999999700 -0.3965777683138130 -0.9179331155731400 1.9164673630287700
3.5599999999999700 -0.4057377562043070 -0.9140491145314090 1.9124557530395000
3.5699999999999700 -0.4148584436445550 -0.9100730255239660 1.9083527389061800
3.5799999999999700 -0.4239389097549010 -0.9060048485508080 1.9041587182377100
3.5899999999999700 -0.4329782336556850 -0.9018445836119380 1.8998740978517800
3.5999999999999700 -0.4419754944672530 -0.8975922307073540 1.8954992937748900
3.6099999999999700 -0.4509297713099460 -0.8932477898370560 1.8910347312423300
3.6199999999999700 -0.4598401433041080 -0.8888112610010460 1.8864808446981900
3.6299999999999700 -0.4687056895700810 -0.8842826441993220 1.8818380777953500
3.6399999999999700 -0.4775254892282090 -0.8796619394318840 1.8771068833954800
3.6499999999999700 -0.4862986213988330 -0.8749491466987330 1.8722877235690700
3.6599999999999700 -0.4950241652022970 -0.8701442659998690 1.8673810695954000
3.6699999999999700 -0.5037011997589440 -0.8652472973352910 1.8623874019625200
3.6799999999999700 -0.5123288041891170 -0.8602582407050000 1.8573072103673000
3.6899999999999700 -0.5209060576131580 -0.8551770961089960 1.8521409937154200
3.6999999999999700 -0.5294320391514110 -0.8500038635472780 1.8468892601213300
3.7099999999999600 -0.5379058279242170 -0.8447385430198460 1.8415525269082800
3.7199999999999600 -0.5463265030519220 -0.8393811345267020 1.8361313206083300
3.7299999999999600 -0.5546931436548650 -0.8339316380678440 1.8306261769623200
3.7399999999999600 -0.5630048288533920 -0.8283900536432720 1.8250376409199100
3.7499999999999600 -0.5712606377678450 -0.8227563812529880 1.8193662666395400
3.7599999999999600 -0.5794596495185660 -0.8170306208969890 1.8136126174884300
3.7699999999999600 -0.5876009432258990 -0.8112127725752780 1.8077772660426400
3.7799999999999600 -0.5956835980101850 -0.8053028362878530 1.8018607940869900
3.7899999999999600 -0.6037066929917690 -0.7993008120347150 1.7958637926151100
3.7999999999999600 -0.6116693072909940 -0.7932066998158630 1.7897868618294300
3.8099999999999600 -0.6195705200282010 -0.7870204996312980 1.7836306111411700
3.8199999999999600 -0.6274094103237340 -0.7807422114810190 1.7773956591703400
3.8299999999999600 -0.6351850572979350 -0.7743718353650270 1.7710826337457700
3.8399999999999600 -0.6428965400711480 -0.7679093712833220 1.7646921719050500
3.8499999999999600 -0.6505429377637160 -0.7613548192359030 1.7582249198946100
3.8599999999999600 -0.6581233294959800 -0.7547081792227710 1.7516815331696500
3.8699999999999600 -0.6656367943882850 -0.7479694512439260 1.7450626763941600
3.8799999999999600 -0.6730824115609730 -0.7411386352993670 1.7383690234409500
3.8899999999999600 -0.6804592601343860 -0.7342157313890950 1.7316012573916000
3.8999999999999600 -0.6877664192288690 -0.7272007395131090 1.7247600705365200
3.9099999999999600 -0.6950029679647620 -0.7200936596714100 1.7178461643748900
3.9199999999999600 -0.7021679854624110 -0.7128944918639980 1.7108602496146900
3.9299999999999600 -0.7092605508421560 -0.7056032360908720 1.7038030461727000
3.9399999999999600 -0.7162797432243420 -0.6982198923520330 1.6966752831745000
3.9499999999999600 -0.7232246417293110 -0.6907444606474810 1.6894776989544700
3.9599999999999600 -0.7300943254774060 -0.6831769409772150 1.6822110410557700
3.9699999999999600 -0.7368878735889690 -0.6755173333412350 1.6748760662303800
3.9799999999999600 -0.7436043651843440 -0.6677656377395430 1.6674735404390500
3.9899999999999600 -0.7502428793838740 -0.6599218541721370 1.6600042388513400
3.9999999999999600 -0.7568024953079010 -0.6519859826390170 1.6524689458456200
4.0099999999999600 -0.7632823932024610 -0.6439883608479980 1.6448684547562200
4.0199999999999600 -0.7696821578163610 -0.6359593265068950 1.6372035650925100
4.0299999999999600 -0.7760014750240990 -0.6278988796157070 1.6294750797579200
4.0399999999999600 -0.7822400307001740 -0.6198070201744350 1.6216838047971300
4.0499999999999600 -0.7883975107190870 -0.6116837481830790 1.6138305493961000
4.0599999999999600 -0.7944736009553350 -0.6035290636416390 1.6059161258820300
4.0699999999999600 -0.8004679872834190 -0.5953429665501140 1.5979413497233600
4.0799999999999600 -0.8063803555778370 -0.5871254569085040 1.5899070395298000
4.0899999999999600 -0.8122103917130890 -0.5788765347168110 1.5818140170523300
4.0999999999999600 -0.8179577815636730 -0.5705961999750320 1.5736631071831600
4.1099999999999600 -0.8236222110040890 -0.5622844526831700 1.5654551379557600
4.1199999999999600 -0.8292033659088360 -0.5539412928412230 1.5571909405448600
4.1299999999999600 -0.8347009321524130 -0.5455667204491910 1.5488713492664500
4.1399999999999600 -0.8401145956093190 -0.5371607355070760 1.5404972015777700
4.1499999999999600 -0.8454440421540540 -0.5287233380148750 1.5320693380773100
4.1599999999999600 -0.8506889576611160 -0.5202545279725910 1.5235886025048200
4.1699999999999600 -0.8558490280050050 -0.5117543053802220 1.5150558417413000
4.1799999999999600 -0.8609239390602200 -0.5032226702377690 1.5064719058090100
4.1899999999999600 -0.8659133767012600 -0.4946596225452310 1.4978376478714700
4.1999999999999500 -0.8708170268026240 -0.4860651623026090 1.4891539242334500
4.2099999999999500 -0.8756345752388120 -0.4774392895099020 1.4804215943409700
4.2199999999999500 -0.8803657078843220 -0.4687820041671110 1.4716415207813100
4.2299999999999500 -0.8850101106136530 -0.4600933062742360 1.4628145692830100
4.2399999999999500 -0.8895674693013060 -0.4513731958312760 1.4539416087158500
4.2499999999999500 -0.8940374698217780 -0.4426216728382320 1.4450235110908700
4.2599999999999500 -0.8984197980495700 -0.4338387372951040 1.4360611515603900
4.2699999999999500 -0.9027141398591800 -0.4250243892018910 1.4270554084179400
4.2799999999999500 -0.9069201811251070 -0.4161786285585930 1.4180071630983500
4.2899999999999500 -0.9110376077218510 -0.4073014553652120 1.4089173001776700
4.2999999999999500 -0.9150661055239110 -0.3983928696217460 1.3997867073732300
4.3099999999999500 -0.9190053604057860 -0.3894528713281950 1.3906162755435900
4.3199999999999500 -0.9228550582419750 -0.3804814604845600 1.3814068986886000
4.3299999999999500 -0.9266148849069770 -0.3714786370908410 1.3721594739493200
4.3399999999999500 -0.9302845262752910 -0.3624444011470370 1.3628749016081100
4.3499999999999500 -0.9338636682214170 -0.3533787526531490 1.3535540850885600
4.3599999999999500 -0.9373519966198540 -0.3442816916091770 1.3441979309555100
4.3699999999999500 -0.9407491973451000 -0.3351532180151200 1.3348073489150700
4.3799999999999500 -0.9440549562716550 -0.3259933318709790 1.3253832518146100
4.3899999999999500 -0.9472689592740190 -0.3168020331767530 1.3159265556427200
4.3999999999999500 -0.9503908922266900 -0.3075793219324430 1.3064381795292900
4.4099999999999500 -0.9534204410041680 -0.2983251981380480 1.2969190457454400
4.4199999999999500 -0.9563572914809510 -0.2890396617935700 1.2873700797035400
4.4299999999999500 -0.9592011295315390 -0.2797227128990060 1.2777922099572400
4.4399999999999500 -0.9619516410304300 -0.2703743514543590 1.2681863682014200
4.4499999999999500 -0.9646085118521250 -0.2609945774596270 1.2585534892722200
4.4599999999999500 -0.9671714278711230 -0.2515833909148100 1.2488945111470500
4.4699999999999500 -0.9696400749619210 -0.2421407918199090 1.2392103749445600
4.4799999999999500 -0.9720141389990200 -0.2326667801749240 1.2295020249246600
4.4899999999999500 -0.9742933058569190 -0.2231613559798540 1.2197704084885100
4.4999999999999500 -0.9764772614101170 -0.2136245192347000 1.2100164761785400
4.5099999999999500 -0.9785656915331130 -0.2040562699394620 1.2002411816784100
4.5199999999999500 -0.9805582821004060 -0.1944566080941390 1.1904454818130600
4.5299999999999500 -0.9824547189864950 -0.1848255336987320 1.1806303365486700
4.5399999999999500 -0.9842546880658800 -0.1751630467532400 1.1707967089926900
4.5499999999999500 -0.9859578752130600 -0.1654691472576640 1.1609455653938000
4.5599999999999500 -0.9875639663025330 -0.1557438352120040 1.1510778751419500
4.5699999999999500 -0.9890726472088000 -0.1459871106162590 1.1411946107683600
4.5799999999999500 -0.9904836038063580 -0.1361989734704300 1.1312967479454700
4.5899999999999500 -0.9917965219697080 -0.1263794237745160 1.1213852654870100
4.5999999999999500 -0.9930110875733480 -0.1165284615285180 1.1114611453479500
4.6099999999999500 -0.9941269864917780 -0.1066460867324360 1.1015253726245000
4.6199999999999500 -0.9951439045994970 -0.0967322993862692 1.0915789355541500
4.6299999999999500 -0.9960615277710030 -0.0867870994900180 1.0816228255156300
4.6399999999999500 -0.9968795418807960 -0.0768104870436825 1.0716580370289300
4.6499999999999500 -0.9975976328033760 -0.0668024620472625 1.0616855677553000
4.6599999999999500 -0.9982154864132420 -0.0567630245007582 1.0517064184972400
4.6699999999999400 -0.9987327885848910 -0.0466921744041693 1.0417215931985000
4.6799999999999400 -0.9991492251928250 -0.0365899117574962 1.0317320989440900
4.6899999999999400 -0.9994644821115410 -0.0264562365607387 1.0217389459602700
4.6999999999999400 -0.9996782452155390 -0.0162911488138967 1.0117431476145700
4.7099999999999400 -0.9997902003793180 -0.0060946485169704 1.0017457204157600
4.7199999999999400 -0.9998000334773780 0.0041332643300404 0.9917476840138740
4.7299999999999400 -0.9997074303842170 0.0143925897271355 0.9817500612001880
4.7399999999999400 -0.9995120769743350 0.0246833276743151 0.9717538779072450
4.7499999999999400 -0.9992136591222310 0.0350054781715790 0.9617601632088420
4.7599999999999400 -0.9988118627024030 0.0453590412189274 0.9517699493200270
4.7699999999999400 -0.9983063735893520 0.0557440168163600 0.9417842715971050
4.7799999999999400 -0.9976968776575760 0.0661604049638771 0.9318041685376360
4.7899999999999400 -0.9969830607815740 0.0766082056614787 0.9218306817804350
4.7999999999999400 -0.9961646088358460 0.0870874189091645 0.9118648561055710
4.8099999999999400 -0.9952413393643540 0.0975585438680896 0.9019077391051950
4.8199999999999400 -0.9942135965889100 0.1079820796994080 0.8919603775626310
4.8299999999999400 -0.9930818564007910 0.1183580264031190 0.8820238138314600
4.8399999999999400 -0.9918465946912730 0.1286863839792240 0.8720990855063530
4.8499999999999400 -0.9905082873516320 0.1389671524277220 0.8621872254230690
4.8599999999999400 -0.9890674102731440 0.1492003317486130 0.8522892616584510
4.8699999999999400 -0.9875244393470850 0.1593859219418970 0.8424062175304310
4.8799999999999400 -0.9858798504647310 0.1695239230075740 0.8325391115980300
4.8899999999999400 -0.9841341195173590 0.1796143349456450 0.8226889576613540
4.8999999999999400 -0.9822877223962440 0.1896571577561080 0.8128567647615960
4.9099999999999400 -0.9803411349926620 0.1996523914389650 0.8030435371810380
4.9199999999999400 -0.9782948331978900 0.2096000359942150 0.7932502744430470
4.9299999999999400 -0.9761492929032030 0.2195000914218580 0.7834779713120800
4.9399999999999400 -0.9739049899998780 0.2293525577218940 0.7737276177936790
4.9499999999999400 -0.9715624003791910 0.2391574348943230 0.7640001991344740
4.9599999999999400 -0.9691219999324170 0.2489147229391460 0.7542966958221830
4.9699999999999400 -0.9665842645508330 0.2586244218563620 0.7446180835856090
4.9799999999999400 -0.9639496701257150 0.2682865316459700 0.7349653333946450
4.9899999999999400 -0.9612186925483390 0.2779010523079730 0.7253394114602690
4.9999999999999400 -0.9583918077099810 0.2874679838423680 0.7157412792345480
5.0099999999999400 -0.9554694915019180 0.2969873262491560 0.7061718934106360
5.0199999999999400 -0.9524522198154240 0.3064590795283380 0.6966322059227720
5.0299999999999400 -0.9493404685417760 0.3158832436799120 0.6871231639462850
5.0399999999999400 -0.9461347135722510 0.3252598187038800 0.6776457098975900
5.0499999999999400 -0.9428354307981240 0.3345888046002410 0.6682007814341890
5.0599999999999400 -0.9394430961106720 0.3438702013689950 0.6587893114546720
5.0699999999999400 -0.9359581854011700 0.3531040090101420 0.6494122280987160
5.0799999999999400 -0.9323811745608940 0.3622902275236830 0.6400704547470850
5.0899999999999400 -0.9287125394811220 0.3714288569096160 0.6307649100216300
5.0999999999999400 -0.9249527560531280 0.3805198971679430 0.6214965077852900
5.1099999999999400 -0.9211023001681880 0.3895633482986630 0.6122661571420910
5.1199999999999400 -0.9171616477175800 0.3985592103017760 0.6030747624371460
5.1299999999999400 -0.9131312745925780 0.4075074831772820 0.5939232232566550
5.1399999999999300 -0.9090116566844600 0.4164081669251820 0.5848124344279050
5.1499999999999300 -0.9048032698845000 0.4252612615454750 0.5757432860192720
5.1599999999999300 -0.9005065900839760 0.4340667670381600 0.5667166633402170
5.1699999999999300 -0.8961220931741620 0.4428246834032390 0.5577334469412900
5.1799999999999300 -0.8916502550463370 0.4515350106407110 0.5487945126141280
5.1899999999999300 -0.8870915515917740 0.4601977487505760 0.5399007313914530
5.1999999999999300 -0.8824464587017510 0.4688128977328350 0.5310529695470780
5.2099999999999300 -0.8777154522675430 0.4773804575874860 0.5222520885958990
5.2199999999999300 -0.8728990081804260 0.4859004283145310 0.5134989452939030
5.2299999999999300 -0.8679976023316780 0.4943728099139690 0.5047943916381630
5.2399999999999300 -0.8630117106125730 0.5027976023858000 0.4961392748668380
5.2499999999999300 -0.8579418089143870 0.5111748057300240 0.4875344374591760
5.2599999999999300 -0.8527883731283980 0.5195044199466410 0.4789807171355100
5.2699999999999300 -0.8475518791458800 0.5277864450356520 0.4704789468572630
5.2799999999999300 -0.8422328028581100 0.5360208809970550 0.4620299548269440
5.2899999999999300 -0.8368316201563640 0.5442077278308520 0.4536345644881480
5.2999999999999300 -0.8313488069319190 0.5523469855370420 0.4452935945255590
5.3099999999999300 -0.8257848390760490 0.5604386541156250 0.4370078588649480
5.3199999999999300 -0.8201401924800320 0.5684827335666010 0.4287781666731720
5.3299999999999300 -0.8144153430351430 0.5764792238899710 0.4206053223581770
5.3399999999999300 -0.8086107666326580 0.5844281250857340 0.4124901255689950
5.3499999999999300 -0.8027269391638540 0.5923294371538890 0.4044333711957460
5.3599999999999300 -0.7967643365200060 0.6001831600944380 0.3964358493696350
5.3699999999999300 -0.7907234345923900 0.6079892939073800 0.3884983454629580
5.3799999999999300 -0.7846047092722840 0.6157478385927160 0.3806216400890960
5.3899999999999300 -0.7784086364509620 0.6234587941504440 0.3728065091025170
5.3999999999999300 -0.7721356920197010 0.6311221605805650 0.3650537235987770
5.4099999999999300 -0.7657863518697760 0.6387379378830800 0.3573640499145190
5.4199999999999300 -0.7593610918924650 0.6463061260579880 0.3497382496274730
5.4299999999999300 -0.7528603879790420 0.6538267251052890 0.3421770795564570
5.4399999999999300 -0.7462847160207840 0.6612997350249830 0.3346812917613750
5.4499999999999300 -0.7396345519089680 0.6687251558170710 0.3272516335432200
5.4599999999999300 -0.7329103715348690 0.6761029874815510 0.3198888474440700
5.4699999999999300 -0.7261126507897630 0.6834332300184250 0.3125936712470930
5.4799999999999300 -0.7192418655649260 0.6907158834276920 0.3053668379765410
5.4899999999999300 -0.7122984917516340 0.6979509477093520 0.2982090758977560
5.4999999999999300 -0.7052830052411640 0.7051384228634050 0.2911211085171660
5.5099999999999300 -0.6981958819247920 0.7122783088898510 0.2841036545822860
5.5199999999999300 -0.6910375976937930 0.7193706057886910 0.2771574280817190
5.5299999999999300 -0.6838086284394440 0.7264153135599230 0.2702831382451550
5.5399999999999300 -0.6765094500530200 0.7334124322035490 0.2634814895433710
5.5499999999999300 -0.6691405384257980 0.7403619617195680 0.2567531816882310
5.5599999999999300 -0.6617023694490550 0.7472639021079800 0.2500989096326870
5.5699999999999300 -0.6541954190140650 0.7541182533687850 0.2435193635707780
5.5799999999999300 -0.6466201630121040 0.7609250155019840 0.2370152289376290
5.5899999999999300 -0.6389770773344510 0.7676841885075750 0.2305871864094550
5.5999999999999300 -0.6312666378723790 0.7743957723855600 0.2242359119035550
5.6099999999999200 -0.6234894086043610 0.7810333409771410 0.2179620763581000
5.6199999999999200 -0.6156463058576540 0.7875704681235190 0.2117663433097310
5.6299999999999200 -0.6077383340467080 0.7940071538246940 0.2056493664711610
5.6399999999999200 -0.5997664975859770 0.8003433980806670 0.1996117895109630
5.6499999999999200 -0.5917318008899130 0.8065792008914370 0.1936542460535600
5.6599999999999200 -0.5836352483729660 0.8127145622570050 0.1877773596792340
5.6699999999999200 -0.5754778444495900 0.8187494821773710 0.1819817439241220
5.6799999999999200 -0.5672605935342370 0.8246839606525340 0.1762680022802160
5.6899999999999200 -0.5589845000413570 0.8305179976824940 0.1706367281953630
5.6999999999999200 -0.5506505683854040 0.8362515932672520 0.1650885050732660
5.7099999999999200 -0.5422598029808300 0.8418847474068080 0.1596239062734840
5.7199999999999200 -0.5338132082420860 0.8474174601011610 0.1542434951114300
5.7299999999999200 -0.5253117885836240 0.8528497313503110 0.1489478248583750
5.7399999999999200 -0.5167565484198970 0.8581815611542590 0.1437374387414420
5.7499999999999200 -0.5081484921653570 0.8634129495130050 0.1386128699436130
5.7599999999999200 -0.4994886242344550 0.8685438964265480 0.1335746416037230
5.7699999999999200 -0.4907779490416440 0.8735744018948880 0.1286232668164640
5.7799999999999200 -0.4820174710013750 0.8785044659180260 0.1237592486323820
5.7899999999999200 -0.4732081945281010 0.8833340884959620 0.1189830800578800
5.7999999999999200 -0.4643511240362740 0.8880632696286950 0.1142952440552150
5.8099999999999200 -0.4554472639403450 0.8926920093162250 0.1096962135425010
5.8199999999999200 -0.4464976186547670 0.8972203075585530 0.1051864513937070
5.8299999999999200 -0.4375031925939910 0.9016481643556780 0.1007664104386570
5.8399999999999200 -0.4284649901724710 0.9059755797076010 0.0964365334630302
5.8499999999999200 -0.4193840158046570 0.9102025536143220 0.0921972532083621
5.8599999999999200 -0.4102612739050020 0.9143290860758400 0.0880489923720434
5.8699999999999200 -0.4010977688879580 0.9183551770921550 0.0839921636073202
5.8799999999999200 -0.3918945051679770 0.9222808266632680 0.0800271695232942
5.8899999999999200 -0.3826524871595100 0.9261060347891790 0.0761544026849224
5.8999999999999200 -0.3733727192770110 0.9298308014698870 0.0723742456130175
5.9099999999999200 -0.3640562059349300 0.9334551267053920 0.0686870707842476
5.9199999999999200 -0.3547039515477210 0.9369790104956950 0.0650932406311362
5.9299999999999200 -0.3453169605298340 0.9404024528407960 0.0615931075420623
5.9399999999999200 -0.3358962372957230 0.9437254537406940 0.0581870138612604
5.9499999999999200 -0.3264427862598380 0.9469480131953890 0.0548752918888206
5.9599999999999200 -0.3169576118366330 0.9500701312048820 0.0516582638806882
5.9699999999999200 -0.3074417184405580 0.9530918077691730 0.0485362420486643
5.9799999999999200 -0.2978961104860670 0.9560130428882610 0.0455095285604052
5.9899999999999200 -0.2883217923876110 0.9588338365621470 0.0425784155394229
5.9999999999999200 -0.2787197685596420 0.9615541887908300 0.0397431850650849
6.0099999999999200 -0.2690910434166120 0.9641740995743100 0.0370041091726138
6.0199999999999200 -0.2594366213729730 0.9666935689125880 0.0343614498530881
6.0299999999999200 -0.2497575068431780 0.9691125968056640 0.0318154590534416
6.0399999999999200 -0.2400547042416780 0.9714311832535370 0.0293663786764637
6.0499999999999200 -0.2303292179829250 0.9736493282562070 0.0270144405807990
6.0599999999999200 -0.2205820524813710 0.9757670318136750 0.0247598665809479
6.0699999999999200 -0.2108142121514690 0.9777842939259410 0.0226028684472662
6.0799999999999100 -0.2010267014076700 0.9797011145930040 0.0205436479059650
6.0899999999999100 -0.1912205246644270 0.9815174938148640 0.0185823966391110
6.0999999999999100 -0.1813966863361910 0.9832334315915220 0.0167192962846265
6.1099999999999100 -0.1715561908374140 0.9848489279229780 0.0149545184362891
6.1199999999999100 -0.1617000425825490 0.9863639828092310 0.0132882246437319
6.1299999999999100 -0.1518292459860470 0.9877785962502820 0.0117205664124436
6.1399999999999100 -0.1419448054623610 0.9890927682461290 0.0102516852037683
6.1499999999999100 -0.1320477254259420 0.9903064987967750 0.0088817124349055
6.1599999999999100 -0.1221390102912430 0.9914197879022180 0.0076107694789104
6.1699999999999100 -0.1122196644727160 0.9924326355624590 0.0064389676646935
6.1799999999999100 -0.1022906923848120 0.9933450417774970 0.0053664082770208
6.1899999999999100 -0.0923530984419837 0.9941570065473320 0.0043931825565137
6.1999999999999100 -0.0824078870586831 0.9948685298719650 0.0035193716996493
6.2099999999999100 -0.0724560626493622 0.9954796117513960 0.0027450468587602
6.2199999999999100 -0.0624986296284729 0.9959902521856240 0.0020702691420341
6.2299999999999100 -0.0525365924104674 0.9964004511746500 0.0014950896135145
6.2399999999999100 -0.0425709554097978 0.9967102087184730 0.0010195492931003
6.2499999999999100 -0.0326027230409157 0.9969195248170930 0.0006436791565459
6.2599999999999100 -0.0226328997182736 0.9970283994705110 0.0003675001354612
6.2699999999999100 -0.0126624898563234 0.9970368326787270 0.0001910231173114
6.2799999999999100 -0.0026924978695169 0.9969448244417400 0.0001142489454176
6.2899999999999100 0.0072760718276937 0.9967523747595500 0.0001371684189558
6.2999999999999100 0.0172422148208563 0.9964594836321590 0.0002597622929579
6.3099999999999100 0.0272049266955191 0.9960661510595640 0.0004820012783112
6.3199999999999100 0.0371632030372299 0.9955723770417670 0.0008038460417585
6.3299999999999100 0.0471160394315367 0.9949781615787680 0.0012252472058978
6.3399999999999100 0.0570624314639875 0.9942835046705660 0.0017461453491830
6.3499999999999100 0.0670013747201303 0.9934884063171610 0.0023664710059232
6.3599999999999100 0.0769318647855130 0.9925928665185550 0.0030861446662830
6.3699999999999100 0.0868528972456836 0.9915968852747450 0.0039050767762827
6.3799999999999100 0.0967634676861901 0.9905004625857330 0.0048231677377978
6.3899999999999100 0.1066625716925800 0.9893035984515190 0.0058403079085594
6.3999999999999100 0.1165492048504030 0.9880062928721020 0.0069563776021540
6.4099999999999100 0.1264223931055560 0.9866176539527200 0.0081712471639249
6.4199999999999100 0.1362812838453410 0.9851467897986090 0.0094847778058806
6.4299999999999100 0.1461250548174120 0.9835937004097720 0.0108968224416059
6.4399999999999100 0.1559528837694200 0.9819583857862060 0.0124072257621619
6.4499999999999100 0.1657639484490200 0.9802408459279120 0.0140158242360862
6.4599999999999100 0.1755574266038620 0.9784410808348910 0.0157224461093930
6.4699999999999100 0.1853324959816010 0.9765590905071420 0.0175269114055730
6.4799999999999100 0.1950883343298890 0.9745948749446650 0.0194290319255935
6.4899999999999100 0.2048241193963780 0.9725484341474600 0.0214286112478981
6.4999999999999100 0.2145390289287220 0.9704197681155280 0.0235254447284071
6.5099999999999100 0.2242322406745730 0.9682088768488670 0.0257193195005174
6.5199999999999100 0.2339029323815830 0.9659157603474790 0.0280100144751023
6.5299999999999100 0.2435502817974060 0.9635404186113630 0.0303973003405117
6.5399999999999100 0.2531734666696940 0.9610828516405190 0.0328809395625719
6.5499999999999000 0.2627716647461000 0.9585430594349480 0.0354606863845859
6.5599999999999000 0.2723440537742770 0.9559210419946480 0.0381362868273330
6.5699999999999000 0.2818898115018770 0.9532167993196210 0.0409074786890694
6.5799999999999000 0.2914081156765530 0.9504303314098660 0.0437739915455274
6.5899999999999000 0.3008981440459580 0.9475616382653830 0.0467355467499161
6.5999999999999000 0.3103590743577450 0.9446107198861730 0.0497918574329210
6.6099999999999000 0.3197900843595660 0.9415775762722340 0.0529426285027043
6.6199999999999000 0.3291903517990730 0.9384622074235680 0.0561875566449045
6.6299999999999000 0.3385590544239210 0.9352646133401740 0.0595263303226367
6.6399999999999000 0.3478953699817610 0.9319847940220520 0.0629586297764927
6.6499999999999000 0.3571984762202460 0.9286227494692020 0.0664841270245406
6.6599999999999000 0.3664675508870290 0.9251784796816250 0.0701024858623251
6.6699999999999000 0.3757017717297620 0.9216519846593200 0.0738133618628675
6.6799999999999000 0.3849003164960990 0.9180432644022860 0.0776164023766656
6.6899999999999000 0.3940623629336920 0.9143523189105250 0.0815112465316935
6.6999999999999000 0.4031870887901930 0.9105791481840370 0.0854975252334023
6.7099999999999000 0.4122736718132560 0.9067237522228200 0.0895748611647191
6.7199999999999000 0.4213212897505330 0.9027861310268760 0.0937428687860479
6.7299999999999000 0.4303291203496780 0.8987662845962040 0.0980011543352692
6.7399999999999000 0.4392963413583410 0.8946642129308040 0.1023493158277400
6.7499999999999000 0.4482221305241770 0.8904799160306760 0.1067869430562930
6.7599999999999000 0.4571056655948390 0.8862133938958210 0.1113136175912390
6.7699999999999000 0.4659461243179780 0.8818646465262370 0.1159289127803650
6.7799999999999000 0.4747426844412470 0.8774336739219260 0.1206323937489320
6.7899999999999000 0.4834945237123000 0.8729204760828870 0.1254236173996820
6.7999999999999000 0.4922008198787890 0.8683250530091200 0.1303021324128300
6.8099999999999000 0.5008607506883660 0.8636474047006260 0.1352674792460680
6.8199999999999000 0.5094734938886850 0.8588875311574030 0.1403191901345660
6.8299999999999000 0.5180382272273980 0.8540454323794530 0.1454567890909690
6.8399999999999000 0.5265541284521580 0.8491211083667750 0.1506797919054000
6.8499999999999000 0.5350203753106180 0.8441145591193690 0.1559877061454580
6.8599999999999000 0.5434361455504300 0.8390257846372350 0.1613800311562170
6.8699999999999000 0.5518006169192460 0.8338547849203740 0.1668562580602300
6.8799999999999000 0.5601129671647210 0.8286015599687850 0.1724158697575240
6.8899999999999000 0.5683723740345060 0.8232661097824680 0.1780583409256050
6.8999999999999000 0.5765780152762540 0.8178484343614230 0.1837831380194540
6.9099999999999000 0.5847290686376180 0.8123485337056500 0.1895897192715280
6.9199999999999000 0.5928247118662510 0.8067664078151500 0.1954775346917630
6.9299999999999000 0.6008641227098050 0.8011020566899210 0.2014460260675690
6.9399999999999000 0.6088464789159330 0.7953554803299650 0.2074946269638340
6.9499999999999000 0.6167709582322880 0.7895266787352810 0.2136227627229220
6.9599999999999000 0.6246367384065230 0.7836156519058690 0.2198298504646730
6.9699999999999000 0.6324429971862900 0.7776223998417300 0.2261152990864040
6.9799999999999000 0.6401889123192410 0.7715469225428630 0.2324785092629090
6.9899999999999000 0.6478736615530310 0.7653892200092670 0.2389188734464580
6.9999999999999000 0.6554964226353110 0.7591492922409450 0.2454357758667980
7.0099999999999000 0.6630563733137340 0.7528271392378940 0.2520285925311510
7.0199999999998900 0.6705526913359520 0.7464227610001150 0.2586966912242180
7.0299999999998900 0.6779845544496200 0.7399361575276090 0.2654394315081750
7.0399999999998900 0.6853511404023890 0.7333673288203750 0.2722561647226740
7.0499999999998900 0.6926516269419110 0.7267162748784130 0.2791462339848450
7.0599999999998900 0.6998851918158410 0.7199829957017230 0.2861089741892930
7.0699999999998900 0.7070510127718300 0.7131674912903050 0.2931437120081010
7.0799999999998900 0.7141482675575310 0.7062697616441600 0.3002497658908280
7.0899999999998900 0.7211761339205970 0.6992898067632860 0.3074264460645100
7.0999999999998900 0.7281337896086800 0.6922276266476850 0.3146730545336570
7.1099999999998900 0.7350204123694340 0.6850832212973560 0.3219888850802580
7.1199999999998900 0.7418351799505120 0.6778565907123000 0.3293732232637790
7.1299999999998900 0.7485772700995640 0.6705477348925150 0.3368253464211620
7.1399999999998900 0.7552458605642460 0.6631566538380030 0.3443445236668230
7.1499999999998900 0.7618401290922080 0.6556833475487630 0.3519300158926570
7.1599999999998900 0.7683592534311050 0.6481278160247950 0.3595810757680360
7.1699999999998900 0.7748024113285880 0.6404900592660990 0.3672969477398070
7.1799999999998900 0.7811687805323110 0.6327700772726760 0.3750768680322950
7.1899999999998900 0.7874575387899260 0.6249678700445240 0.3829200646473000
7.1999999999998900 0.7936678638490850 0.6170834375816450 0.3908257573640980
7.2099999999998900 0.7997989838609760 0.6091319009439480 0.3987931578654540
7.2199999999998900 0.8058503285909150 0.6011283811913390 0.4068214711237110
7.2299999999998900 0.8118213782077530 0.5930728783238210 0.4149098967868950
7.2399999999998900 0.8177116128803410 0.5849653923413920 0.4230576293047180
7.2499999999998900 0.8235205127775310 0.5768059232440540 0.4312638579285830
7.2599999999998900 0.8292475580681720 0.5685944710318060 0.4395277667115800
7.2699999999998900 0.8348922289211170 0.5603310357046470 0.4478485345084870
7.2799999999998900 0.8404540055052150 0.5520156172625790 0.4562253349757730
7.2899999999998900 0.8459323679893180 0.5436482157056010 0.4646573365715910
7.2999999999998900 0.8513267965422770 0.5352288310337120 0.4731437025557880
7.3099999999998900 0.8566367713329430 0.5267574632469140 0.4816835909898960
7.3199999999998900 0.8618617725301650 0.5182341123452050 0.4902761547371350
7.3299999999998900 0.8670012803027970 0.5096587783285870 0.4989205414624160
7.3399999999998900 0.8720547748196870 0.5010314611970580 0.5076158936323380
7.3499999999998900 0.8770217362496880 0.4923521609506200 0.5163613485151870
7.3599999999998900 0.8819016447616500 0.4836208775892710 0.5251560381809380
7.3699999999998900 0.8866939805244240 0.4748376111130130 0.5339990895012560
7.3799999999998900 0.8913982237068600 0.4660023615218440 0.5428896241494920
7.3899999999998900 0.8960138544778110 0.4571151288157660 0.5518267586006870
7.3999999999998900 0.9005403530061260 0.4481759129947770 0.5608096041315720
7.4099999999998900 0.9049771994606560 0.4391847140588790 0.5698372668205640
7.4199999999998900 0.9093238740102530 0.4301415320080700 0.5789088475477680
7.4299999999998900 0.9135798568237680 0.4210463668423520 0.5880234419949810
7.4399999999998900 0.9177446280700510 0.4118992185617230 0.5971801406456860
7.4499999999998900 0.9218176679179530 0.4027000871661850 0.6063780287850540
7.4599999999998900 0.9257984565363240 0.3934489726557360 0.6156161864999460
7.4699999999998900 0.9296864740940170 0.3841458750303780 0.6248936886789110
7.4799999999998900 0.9334812007598820 0.3747907942901090 0.6342096050121870
7.4899999999998800 0.9371821167027700 0.3653837304349310 0.6435629999916990
7.4999999999998800 0.9407887020915310 0.3559246834648420 0.6529529329110610
7.5099999999998800 0.9443004370950170 0.3464136533798440 0.6623784578655780
7.5199999999998800 0.9477168018820780 0.3368506401799350 0.6718386237522400
7.5299999999998800 0.9510372766215660 0.3272356438651170 0.6813324742697270
7.5399999999998800 0.9542613414823300 0.3175686644353880 0.6908590479184080
7.5499999999998800 0.9573884766332230 0.3078497018907490 0.7004173780003400
7.5599999999998800 0.9604181622430960 0.2980787562312010 0.7100064926192690
7.5699999999998800 0.9633498784807980 0.2882558274567420 0.7196254146806280
7.5799999999998800 0.9661831055151810 0.2783809155673740 0.7292731618915400
7.5899999999998800 0.9689173235150950 0.2684540205630950 0.7389487467608160
7.5999999999998800 0.9715520126493930 0.2584751424439060 0.7486511765989560
7.6099999999998800 0.9740866530869240 0.2484442812098080 0.7583794535181480
7.6199999999998800 0.9765207249965390 0.2383614368607990 0.7681325744322680
7.6299999999998800 0.9788537085470900 0.2282266093968800 0.7779095310568810
7.6399999999998800 0.9810850839074270 0.2180397988180520 0.7877093099092420
7.6499999999998800 0.9832143312464010 0.2078010051243130 0.7975308923082920
7.6599999999998800 0.9852409307328630 0.1975102283156650 0.8073732543746610
7.6699999999998800 0.9871643625356650 0.1871674683921060 0.8172353670306700
7.6799999999998800 0.9889841068236550 0.1767727253536370 0.8271161960003250
7.6899999999998800 0.9906996437656870 0.1663259992002580 0.8370147018093220
7.6999999999998800 0.9923104535306110 0.1558272899319700 0.8469298397850480
7.7099999999998800 0.9938160162872770 0.1452765975487710 0.8568605600565730
7.7199999999998800 0.9952158122045370 0.1346739220506620 0.8668058075546610
7.7299999999998800 0.9965093214512410 0.1240192634376440 0.8767645220117620
7.7399999999998800 0.9976960241962400 0.1133126217097150 0.8867356379620130
7.7499999999998800 0.9987754006083850 0.1025539968668760 0.8967180847412430
7.7599999999998800 0.9997469308565280 0.0917433889091275 0.9067107864869670
7.7699999999998800 1.0006100951095200 0.0808807978364687 0.9167126621383900
7.7799999999998800 1.0013643735362100 0.0699662236489000 0.9267226254364030
7.7899999999998800 1.0020092463054500 0.0589996663464212 0.9367395849235880
7.7999999999998800 1.0025441935860900 0.0479811259290325 0.9467624439442160
7.8099999999998800 1.0029686955469800 0.0369106023967337 0.9567901006442440
7.8199999999998800 1.0032822323569700 0.0257880957495249 0.9668214479713190
7.8299999999998800 1.0034842841849200 0.0146136059874062 0.9768553736747760
7.8399999999998800 1.0035743311996700 0.0033871331103774 0.9868907603056390
7.8499999999998800 1.0035518535700800 -0.0078913228815614 0.9969264852166210
7.8599999999998800 1.0034163314649900 -0.0192217619884102 1.0069614205621200
7.8699999999998800 1.0031672450532600 -0.0306041842101690 1.0169944332982300
7.8799999999998800 1.0028040745037400 -0.0420385895468379 1.0270243851827300
7.8899999999998800 1.0023262999852700 -0.0535249779984167 1.0370501327750800
7.8999999999998800 1.0017334016667200 -0.0650633495649054 1.0470705274364300
7.9099999999998800 1.0010248597169200 -0.0766537042463043 1.0570844153296400
7.9199999999998800 1.0002001543047400 -0.0882960420426131 1.0670906374192300
7.9299999999998800 0.9992587655990220 -0.0999903629538320 1.0770880294714200
7.9399999999998800 0.9982001737686150 -0.1117366669799610 1.0870754220541300
7.9499999999998700 0.9970238589823730 -0.1235349541210000 1.0970516405369400
7.9599999999998700 0.9957293014091460 -0.1353852243769490 1.1070155050911500
7.9699999999998700 0.9943159812177840 -0.1472874777478070 1.1169658306897300
7.9799999999998700 0.9927833785771400 -0.1592417142335760 1.1269014271073400
7.9899999999998700 0.9911309736560630 -0.1712479338342550 1.1368210989203400
7.9999999999998700 0.9893582466234050 -0.1833061365498440 1.1467236455067600
8.0099999999998700 0.9874650160405890 -0.1953148046086840 1.1566078618923100
8.0199999999998700 0.9854524540393260 -0.2071724202391110 1.1664725480561700
8.0299999999998700 0.9833220711439010 -0.2188789834411240 1.1763165182367800
8.0399999999998700 0.9810753778785990 -0.2304344942147250 1.1861386017778200
8.0499999999998700 0.9787138847677020 -0.2418389525599130 1.1959376431282000
8.0599999999998700 0.9762391023354950 -0.2530923584766880 1.2057125018421000
8.0699999999998700 0.9736525411062630 -0.2641947119650490 1.2154620525789200
8.0799999999998700 0.9709557116042890 -0.2751460130249980 1.2251851851033200
8.0899999999998700 0.9681501243538580 -0.2859462616565330 1.2348808042851800
8.0999999999998700 0.9652372898792530 -0.2965954578596560 1.2445478300996500
8.1099999999998700 0.9622187187047600 -0.3070936016343650 1.2541851976271000
8.1199999999998700 0.9590959213546610 -0.3174406929806610 1.2637918570531600
8.1299999999998700 0.9558704083532410 -0.3276367318985450 1.2733667736686900
8.1399999999998700 0.9525436902247850 -0.3376817183880150 1.2829089278698000
8.1499999999998700 0.9491172774935760 -0.3475756524490720 1.2924173151578400
8.1599999999998700 0.9455926806838980 -0.3573185340817160 1.3018909461394100
8.1699999999998700 0.9419714103200360 -0.3669103632859470 1.3113288465263400
8.1799999999998700 0.9382549769262740 -0.3763511400617650 1.3207300571357100
8.1899999999998700 0.9344448910268960 -0.3856408644091700 1.3300936338898400
8.1999999999998700 0.9305426631461860 -0.3947795363281620 1.3394186478163100
8.2099999999998700 0.9265498038084270 -0.4037671558187410 1.3487041850479100
8.2199999999998700 0.9224678235379050 -0.4126037228809070 1.3579493468227000
8.2299999999998700 0.9182982328589040 -0.4212892375146590 1.3671532494839700
8.2399999999998700 0.9140425422957070 -0.4298236997199990 1.3763150244802600
8.2499999999998700 0.9097022623725990 -0.4382071094969260 1.3854338183653500
8.2599999999998700 0.9052789036138640 -0.4464394668454390 1.3945087927982600
8.2699999999998700 0.9007739765437850 -0.4545207717655400 1.4035391245432600
8.2799999999998700 0.8961889916866480 -0.4624510242572270 1.4125240054698500
8.2899999999998700 0.8915254595667350 -0.4702302243205020 1.4214626425527800
8.2999999999998700 0.8867848907083330 -0.4778583719553630 1.4303542578720500
8.3099999999998700 0.8819687956357230 -0.4853354671618110 1.4391980886129000
8.3199999999998700 0.8770786848731910 -0.4926615099398470 1.4479933870658000
8.3299999999998700 0.8721160689450210 -0.4998365002894690 1.4567394206264800
8.3399999999998700 0.8670824583754970 -0.5068604382106780 1.4654354717959000
8.3499999999998700 0.8619793636889020 -0.5137333237034740 1.4740808381802600
8.3599999999998700 0.8568082954095220 -0.5204551567678570 1.4826748324910300
8.3699999999998700 0.8515707640616400 -0.5270259374038270 1.4912167825448900
8.3799999999998700 0.8462682801695410 -0.5334456656113840 1.4997060312637800
8.3899999999998700 0.8409023542575070 -0.5397143413905280 1.5081419366748800
8.3999999999998700 0.8354744968498250 -0.5458319647412590 1.5165238719106100
8.4099999999998700 0.8299862184707770 -0.5517985356635770 1.5248512252086400
8.4199999999998600 0.8244390296446480 -0.5576140541574810 1.5331233999118700
8.4299999999998600 0.8188344408957230 -0.5632785202229730 1.5413398144684600
8.4399999999998600 0.8131739627482840 -0.5687919338600520 1.5494999024317900
8.4499999999998600 0.8074591057266170 -0.5741542950687170 1.5576031124605100
8.4599999999998600 0.8016913803550050 -0.5793656038489700 1.5656489083184900
8.4699999999998600 0.7958722971577320 -0.5844258602008090 1.5736367688748600
8.4799999999998600 0.7900033666590830 -0.5893350641242360 1.5815661881039700
8.4899999999998600 0.7840860993833420 -0.5940932156192490 1.5894366750854500
8.4999999999998600 0.7781220058547930 -0.5987003146858490 1.5972477540041300
8.5099999999998600 0.7721125965977200 -0.6031563613240370 1.6049989641501100
8.5199999999998600 0.7660593821364080 -0.6074613555338110 1.6126898599187400
8.5299999999998600 0.7599638729951390 -0.6116152973151720 1.6203200108105800
8.5399999999998600 0.7538275796981990 -0.6156181866681200 1.6278890014314500
8.5499999999998600 0.7476520127698720 -0.6194700235926550 1.6353964314924400
8.5599999999998600 0.7414386827344410 -0.6231708080887770 1.6428419158098300
8.5699999999998600 0.7351891001161910 -0.6267205401564860 1.6502250843051800
8.5799999999998600 0.7289047754394060 -0.6301192197957820 1.6575455820052900
8.5899999999998600 0.7225872192283700 -0.6333668470066650 1.6648030690421900
8.5999999999998600 0.7162379420073680 -0.6364634217891350 1.6719972206531600
8.6099999999998600 0.7098584543006830 -0.6394089441431910 1.6791277271807200
8.6199999999998600 0.7034502666325990 -0.6422034140688350 1.6861942940726300
8.6299999999998600 0.6970148895274010 -0.6448468315660660 1.6931966418819100
8.6399999999998600 0.6905538335093730 -0.6473391966348830 1.7001345062668000
8.6499999999998600 0.6840686091027980 -0.6496805092752880 1.7070076379908000
8.6599999999998600 0.6775607268319620 -0.6518707694872790 1.7138158029226400
8.6699999999998600 0.6710316972211480 -0.6539099772708570 1.7205587820363100
8.6799999999998600 0.6644830307946400 -0.6557981326260230 1.7272363714110200
8.6899999999998600 0.6579162380767220 -0.6575352355527750 1.7338483822312300
8.6999999999998600 0.6513328295916790 -0.6591212860511140 1.7403946407866600
8.7099999999998600 0.6447343158637950 -0.6605562841210400 1.7468749884722500
8.7199999999998600 0.6381222074173530 -0.6618402297625540 1.7532892817882100
8.7299999999998600 0.6314980147766390 -0.6629731229756540 1.7596373923399500
8.7399999999998600 0.6248632484659350 -0.6639549637603410 1.7659192068381700
8.7499999999998600 0.6182194190095270 -0.6647857521166150 1.7721346270987900
8.7599999999998600 0.6115680369316980 -0.6654654880444750 1.7782835700429600
8.7699999999998600 0.6049106127567330 -0.6659941715439230 1.7843659676971000
8.7799999999998600 0.5982486570089150 -0.6663718026149580 1.7903817671928500
8.7899999999998600 0.5915836802125280 -0.6665983812575800 1.7963309307671100
8.7999999999998600 0.5849171928918580 -0.6666739074717890 1.8022134357620200
