0 0
0.088 0.0975973
0.176 0.190575
0.264 0.278933
0.352 0.362672
0.44 0.441791
0.528 0.516291
0.616 0.586171
0.704 0.651431
0.792 0.712072
0.88 0.76804
0.968 0.819002
1.056 0.86453
1.144 0.904198
1.232 0.937582
1.32 0.964254
1.408 0.983789
1.496 0.99576
1.584 0.999741
1.672 0.995377
1.76 0.982795
1.848 0.962334
1.936 0.93433
2.024 0.89912
2.112 0.857043
2.2 0.808436
2.288 0.753635
2.376 0.692978
2.464 0.626822
2.552 0.555712
2.64 0.480292
2.728 0.40121
2.816 0.319111
2.904 0.234644
2.992 0.148454
3.08 0.0611889
3.168 -0.0265053
3.256 -0.113982
3.344 -0.200605
3.432 -0.285743
3.52 -0.368766
3.608 -0.449043
3.696 -0.525944
3.784 -0.598838
3.872 -0.667094
3.96 -0.730083
4.048 -0.787185
4.136 -0.837991
4.224 -0.882281
4.312 -0.91984
4.4 -0.950454
4.488 -0.973906
4.576 -0.989984
4.664 -0.998473
4.752 -0.999157
4.84 -0.991832
4.928 -0.976535
5.016 -0.953581
5.104 -0.9233
5.192 -0.886021
5.28 -0.842073
5.368 -0.791787
5.456 -0.73549
5.544 -0.673513
5.632 -0.606188
5.72 -0.533978
5.808 -0.457532
5.896 -0.377516
5.984 -0.294595
6.072 -0.209433
6.16 -0.122695
6.248 -0.035046
6.336 0.0528497
6.424 0.140327
6.512 0.226732
6.6 0.311428
6.688 0.393781
6.776 0.473157
6.864 0.548921
6.952 0.62044
7.04 0.687078
7.128 0.748202
7.216 0.803178
7.304 0.851523
7.392 0.893108
7.48 0.927855
7.568 0.955685
7.656 0.976519
7.744 0.990279
7.832 0.996887
7.92 0.996265
8.008 0.988333
8.096 0.973031
8.184 0.950348
8.272 0.920285
8.36 0.882841
8.448 0.838017
8.536 0.785813
8.624 0.726228
8.712 0.659263
8.8 0.584917
