Problem C:
Random matrix A:
    3.798     3.933     0.525     8.811     4.294 
    5.813     5.579     6.662     4.098     3.642 
    1.082     3.824     6.021     1.954     0.274 
    9.195     4.911     3.800     8.614     9.198 
    4.727     7.877     5.047     3.441     1.850 
theta_(1, 0) = 0.992082067157511
G = 
    6.944     6.822     5.865     8.250     5.397 
    0.992    -0.241     3.204    -5.135    -1.602 
    1.082     3.824     6.021     1.954     0.274 
    9.195     4.911     3.800     8.614     9.198 
    4.727     7.877     5.047     3.441     1.850 
theta_(2, 0) = 0.154589619137147
G = 
    7.028     7.329     6.722     8.453     5.375 
    0.992    -0.241     3.204    -5.135    -1.602 
    0.155     2.728     5.047     0.661    -0.560 
    9.195     4.911     3.800     8.614     9.198 
    4.727     7.877     5.047     3.441     1.850 
theta_(3, 0) = 0.918166020697733
G = 
   11.573     8.353     7.101    11.977    10.572 
    0.992    -0.241     3.204    -5.135    -1.602 
    0.155     2.728     5.047     0.661    -0.560 
    0.918    -2.841    -3.032    -1.485     1.315 
    4.727     7.877     5.047     3.441     1.850 
theta_(4, 0) = 0.387787839219612
G = 
   12.501    10.711     8.483    12.389    10.487 
    0.992    -0.241     3.204    -5.135    -1.602 
    0.155     2.728     5.047     0.661    -0.560 
    0.918    -2.841    -3.032    -1.485     1.315 
    0.388     4.134     1.987    -1.343    -2.286 
theta_(2, 1) = 1.65881823233073
G = 
   12.501    10.711     8.483    12.389    10.487 
    0.992     2.739     4.745     1.110    -0.417 
    0.155     1.659    -3.635     5.057     1.645 
    0.918    -2.841    -3.032    -1.485     1.315 
    0.388     4.134     1.987    -1.343    -2.286 
theta_(3, 1) = -0.803688190828351
G = 
   12.501    10.711     8.483    12.389    10.487 
    0.992     3.946     5.477     1.839    -1.236 
    0.155     1.659    -3.635     5.057     1.645 
    0.918    -0.804     1.312    -0.232     0.613 
    0.388     4.134     1.987    -1.343    -2.286 
theta_(4, 1) = 0.808625307527189
G = 
   12.501    10.711     8.483    12.389    10.487 
    0.992     5.715     5.219     0.298    -2.507 
    0.155     1.659    -3.635     5.057     1.645 
    0.918    -0.804     1.312    -0.232     0.613 
    0.388     0.809    -2.590    -2.258    -0.684 
theta_(3, 2) = 2.795346029687
G = 
   12.501    10.711     8.483    12.389    10.487 
    0.992     5.715     5.219     0.298    -2.507 
    0.155     1.659     3.865    -4.836    -1.340 
    0.918    -0.804     2.795    -1.498    -1.135 
    0.388     0.809    -2.590    -2.258    -0.684 
theta_(4, 2) = -0.590359217190764
G = 
   12.501    10.711     8.483    12.389    10.487 
    0.992     5.715     5.219     0.298    -2.507 
    0.155     1.659     4.652    -2.760    -0.732 
    0.918    -0.804     2.795    -1.498    -1.135 
    0.388     0.809    -0.590    -4.567    -1.314 
theta_(4, 3) = -1.88777100971546
G = 
   12.501    10.711     8.483    12.389    10.487 
    0.992     5.715     5.219     0.298    -2.507 
    0.155     1.659     4.652    -2.760    -0.732 
    0.918    -0.804     2.795     4.807     1.602 
    0.388     0.809    -0.590    -1.888    -0.669 
Random vector b: 2.348 2.835 4.242 3.675 1.176 
Solution to A*x=b: -0.238 0.311 0.072 -0.608 1.155 
A*x-b = -2.386 -0.290 -3.750 1.326 0.554 
