0 0.000678586167296431 1.00099766937016 0.0120631330240763
0.0628318530717959 0.0635501776343157 0.999530964598388 -0.0582496758713843
0.125663706143592 0.126192759810253 0.99373833949867 -0.125673404709958
0.188495559215388 0.188340073214541 0.983793757687373 -0.190453317521201
0.251327412287183 0.249736292335965 0.96985526896157 -0.252845291096858
0.314159265358979 0.310135025169827 0.952065299578437 -0.313086384951036
0.376991118430775 0.369298384864376 0.930552588155776 -0.371372002650571
0.439822971502571 0.426996223513116 0.905435337844486 -0.427840033462754
0.502654824574367 0.483005590747185 0.876825148063923 -0.482561833611953
0.565486677646163 0.537110452923001 0.844831312100932 -0.535539473360807
0.628318530717959 0.589101684069069 0.809565113573984 -0.586708356912951
0.691150383789754 0.638777318610576 0.771143817787199 -0.635944121639601
0.75398223686155 0.685943039024931 0.72969412601804 -0.683072635550735
0.816814089933346 0.730412859345968 0.685354935107733 -0.727881923220164
0.879645943005142 0.772009957791108 0.638279315734105 -0.770134941039499
0.942477796076938 0.810567608383734 0.588635686144584 -0.809582270544734
1.00530964914873 0.845930161706043 0.536608211026084 -0.845973981253628
1.06814150222053 0.87795402813116 0.482396496060611 -0.8790701113868
1.13097335529233 0.906508622275767 0.426214677231504 -0.908649408636476
1.19380520836412 0.931477234225012 0.368290020745112 -0.934516150419754
1.25663706143592 0.952757800613439 0.308861155862653 -0.95650501470005
1.31946891450771 0.970263556301882 0.248176060785509 -0.974484093442727
1.38230076757951 0.983923554693648 0.186489912994827 -0.988356229595128
1.44513262065131 0.993683051332768 0.124062902104529 -0.99805891647276
1.5079644737231 0.999503751092507 0.0611580871864728 -1.00356302893259
1.5707963267949 1.00136392387188 -0.00196063674408938 -1.0048706632905
1.63362817986669 0.999258397239866 -0.0650304155542474 -1.002012352696
1.69646003293849 0.993198436940231 -0.127791124691847 -0.995043901691046
1.75929188601029 0.983211527683694 -0.189986852686536 -0.984043052594827
1.82212373908208 0.969341067329532 -0.251367174650131 -0.969106161129576
1.88495559215388 0.951645987534366 -0.311688220980594 -0.950345022478137
1.94778744522567 0.930200313363412 -0.370713554237056 -0.927883954061393
2.01061929829747 0.905092673356562 -0.428214872807484 -0.901857209299225
2.07345115136926 0.876425770244285 -0.483972563748253 -0.872406768376612
2.13628300444106 0.844315821027913 -0.537776129288068 -0.839680527964414
2.19911485751286 0.808891973570379 -0.589424512221434 -0.803830891950446
2.26194671058465 0.770295705265621 -0.638726345024926 -0.765013749276304
2.32477856365645 0.728680207830708 -0.685500146248428 -0.723387812559193
2.38761041672824 0.684209760843452 -0.729574485771786 -0.679114281853678
2.45044226980004 0.63705909536691 -0.770788138054956 -0.632356791221516
2.51327412287184 0.587412747887118 -0.808990239698963 -0.583281591309486
2.57610597594363 0.535464403859556 -0.844040464603472 -0.532057918522387
2.63893782901543 0.481416229423547 -0.875809226861418 -0.478858500320222
2.70176968208722 0.42547818930626 -0.904177918361595 -0.423860146423588
2.76460153515902 0.367867348598461 -0.929039184952802 -0.367244377088847
2.82743338823082 0.308807155936952 -0.950297242023554 -0.309198041963718
2.89026524130261 0.248526705664825 -0.967868227526686 -0.249913886230947
2.95309709437441 0.187259976747444 -0.981680587878101 -0.189591024686026
3.0159289474462 0.125245046584014 -0.991675489827063 -0.1284352889756
3.078760800518 0.0627232783536607 -0.997807249368948 -0.0666594183482051
3.1415926535898 -6.15188491120064E-05 -1.0000437670814 -0.0044830698367142
3.20442450666159 -0.0628639571237882 -0.998366957935793 0.0578673703050704
3.26725635973339 -0.12543796336966 -0.992773162685274 0.120159185965142
3.33008821280518 -0.187537697809553 -0.983273527368782 0.182153947163634
3.39292006587698 -0.248918494999756 -0.969894337299404 0.243608342297001
3.45575191894878 -0.309337824042697 -0.952677292120289 0.304275220209006
3.51858377202057 -0.368556263892472 -0.931679709098445 0.363904829881516
3.58141562509237 -0.426338488864899 -0.906974642765348 0.422246240151456
3.64424747816416 -0.482454258754705 -0.878650910274978 0.47904891697958
3.70707933123596 -0.536679407341834 -0.846813013399651 0.534064431524146
3.76991118430776 -0.588796822553664 -0.811580949880801 0.58704826869734
3.83274303737955 -0.638597411154151 -0.77308990884928 0.63776170307817
3.89557489045135 -0.685881040565658 -0.731489847177772 0.685973707078975
3.95840674352314 -0.730457450302253 -0.686944945872904 0.73146285515151
4.02123859659494 -0.772147125508978 -0.639632947901918 0.774019187590531
4.08407044966673 -0.810782125260873 -0.58974438112249 0.813445998145685
4.14690230273853 -0.846206858575846 -0.537481672189953 0.849561511163385
4.20973415581033 -0.878278801530806 -0.483058159400988 0.882200416306778
4.27256600888212 -0.906869149431749 -0.426697014347405 0.911215231982056
4.33539786195392 -0.931863398663485 -0.368630083953079 0.936477472354291
4.39822971502571 -0.953161853618632 -0.309096665911793 0.957878597170581
4.46106156809751 -0.970680054961414 -0.248342231700724 0.975330728414318
4.5238934211693 -0.984349126400575 -0.186617112187589 0.988767122972295
4.5867252742411 -0.994116038107185 -0.124175161360952 0.998142395878653
4.64955712731289 -0.999943785895989 -0.0612724138828765 1.00343249417368
4.71238898038469 -1.00181148627171 0.00183424801043561 1.00463442684655
4.77522083345649 -0.999714388402929 0.0648884032444093 1.00176576158611
4.83805268652828 -0.993663805005035 0.127635362093881 0.994863904014064
4.90088453960008 -0.98368696497124 0.189823384768053 0.983985179599429
4.96371639267187 -0.969826791367959 0.25120483673527 0.9692037424419
5.02654824574367 -0.952141609093561 0.311537270759031 0.950610338468112
5.08938009881546 -0.930704787073194 0.370584427434201 0.928310953227604
5.15221195188726 -0.905604320317429 0.42811714797195 0.902425376342207
5.21504380495905 -0.876942357501144 0.483914195033214 0.873085715709895
5.27787565803085 -0.844834679917371 0.537762979501141 0.840434894769338
5.34070751110264 -0.809410137727893 0.589460193160015 0.804625165493028
5.40353936417444 -0.770810049370792 0.63881234925903 0.76581666831481
5.46637121724624 -0.729187569800586 0.685636234833428 0.724176067952649
5.52920307031803 -0.684707032937935 0.729759280385564 0.679875291120108
5.59203492338983 -0.637543273304879 0.771019854051358 0.633090388509185
5.65486677646162 -0.587880931332301 0.809267488655881 0.584000539268027
5.71769862953342 -0.5359137462653 0.844363051064383 0.532787211598912
5.78053048260521 -0.481843839977428 0.876178863938029 0.479633488184863
5.84336233567701 -0.425880994355716 0.904598790390999 0.424723560045955
5.9061941887488 -0.368241924255187 0.929518292109527 0.368242387261819
5.9690260418206 -0.309149547364438 0.950844471234701 0.310375519909783
6.0318578948924 -0.248832251693034 0.968496105738258 0.251309067691105
6.09468974796419 -0.18752316080588 0.982403687151662 0.191229802177891
6.15752160103599 -0.125459396407582 0.992509468368191 0.130325371529264
6.22035345410778 -0.062881337436917 0.998767527857774 0.068784604003718
6.28318530717958 -3.18744819460814E-05 1.0011438550532 0.00679787372787449
