19 0 936
28 1 2241
37 3 3888
46 7 6255
55 10 8748
64 17 12096
73 25 16416
82 34 20250
91 47 25200
100 63 30195
109 85 35964
118 105 42705
127 127 49770
136 156 56565
145 188 64224
154 232 72675
163 275 81648
172 317 90459
181 368 100440
190 425 110565
199 502 123354


19 0 1197
28 1 3024
37 2 5328
46 5 8280
55 9 11880
64 15 18144
73 24 23652
82 33 29889
91 46 36855
100 66 49500
109 83 52974
118 102 62127
127 137 80010
136 167 91800
145 205 104400
154 225 106029
163 281 132030
172 343 147060
181 394 162900
190 464 179550
199 521 197010
