0.000707106781186548 0.000706606781186548 0.998585786437627
0.0107071067811865 0.0105930689809045 0.978756252404046
0.0213623772474443 0.0209108515580484 0.95795264581731
0.03913712635843 0.0376349720719791 0.923983183199835
0.0620081887451262 0.0582799178023497 0.881594568317658
0.0906034584967302 0.0827553126094842 0.830623750841898
0.124804220563296 0.110160819449087 0.772507978802641
0.164689057460851 0.139682123489505 0.708474159046555
0.210335031992362 0.170436984880656 0.639874304072818
0.261872427871439 0.201539190107319 0.568068120922779
0.319483722370913 0.232112255622825 0.494409269630634
0.383414845771028 0.261308262203209 0.420218543373404
0.453986705312822 0.288322229119124 0.346764627057448
0.531610643736289 0.312404055211182 0.275248067675589
0.616808514782585 0.332867902189779 0.206789014454333
0.710238860742402 0.349099376320287 0.142418461972943
0.812730845571568 0.360561067767898 0.0830727009999416
0.925327866827798 0.366797460198727 0.0295902866324313
1.04934282784518 0.367440912561209 -0.0172898206796956
1.18761699904319 0.362153476928349 -0.0572266688655054
1.34415321102739 0.35049284105783 -0.0897570039543565
1.52170773104758 0.332235638437213 -0.113926736390779
1.72403268675101 0.307457551981095 -0.129148278978294
1.95557201218991 0.276660292013853 -0.135221020899846
2.22194267378596 0.240827247064132 -0.132483584651654
2.53145579307862 0.201323217903475 -0.121848860358491
2.88135030586867 0.16147653225298 -0.105505815570447
3.26627398490149 0.124536663055523 -0.0865041758427828
3.69847219714057 0.0914879910162751 -0.0668841441556274
4.11198518260461 0.0672116153872114 -0.0510489739827685
4.52943744871849 0.0486907736823273 -0.0381941134162444
4.9446763918338 0.0349845591843667 -0.0282617192863282
5.36944911136183 0.0246896668195326 -0.0205884747355865
5.80667297321301 0.0170217236184111 -0.0148024621575777
6.25981776509895 0.0113335281771103 -0.0105626862807695
6.7344421791188 0.00707892084127471 -0.00758145122907949
7.23471223492884 0.00381060931331159 -0.00566916850036385
7.76357094656321 0.00110456914413626 -0.00473441668094422
8 4.94552311868358E-07 -0.00463744183413069


0 0
0.05 0.0475614712250357
0.1 0.090483741803596
0.15 0.129106196463759
0.2 0.163746150615596
0.25 0.194700195767851
0.3 0.222245466204515
0.35 0.24664083140155
0.4 0.268128018414256
0.45 0.286932668229798
0.5 0.303265329856317
0.55 0.317322395709268
0.6 0.329286981656416
0.65 0.33932975489466
0.7 0.347609712653987
0.75 0.354274914555761
0.8 0.359463171293777
0.85 0.363302692156418
0.9 0.365912693766539
0.95 0.367403972281776
1 0.367879441171442
1.05 0.367434636566713
1.1 0.366158192067887
1.15 0.364132284785911
1.2 0.361433054294643
1.25 0.358130996075238
1.3 0.354291330944216
1.35 0.349974351871954
1.4 0.345235749518249
1.45 0.340126917736007
1.5 0.334695240222645
1.55 0.328984359431452
1.6 0.323034428791449
1.65 0.316882349224244
1.7 0.310561990889649
1.75 0.304104401038279
1.8 0.297537998798856
1.85 0.290888757680211
1.9 0.284180376523006
1.95 0.277434439593701
2 0.270670566473225
2.05 0.263906552354999
2.1 0.257158499331262
2.15 0.250440939213018
2.2 0.243766948397135
2.25 0.237148255264195
2.3 0.230595340562449
2.35 0.224117531206542
2.4 0.21772308789459
2.45 0.211419286923458
2.5 0.205212496559747
2.55 0.199108248302941
2.6 0.193111303357268
2.65 0.187225714610139
2.7 0.181454884397325
2.75 0.175801618318446
2.8 0.170268175350611
2.85 0.16485631449329
2.9 0.159567338163581
2.95 0.154402132547876
3 0.149361205103592
3.05 0.14444471939298
3.1 0.139652527420029
3.15 0.134984199631177
3.2 0.130439052730772
3.25 0.126016175453097
3.3 0.121714452424092
3.35 0.117532586237831
3.4 0.113469117865109
3.45 0.109522445504335
3.5 0.105690841978115
3.55 0.10197247077255
3.6 0.0983654008102536
3.65 0.0948676200424573
3.69999999999999 0.0914770479402561
3.74999999999999 0.0881915469600345
3.79999999999999 0.0850089330534296
3.84999999999999 0.0819269852877524
3.89999999999999 0.0789434546386375
3.94999999999999 0.0760560720127787
3.99999999999999 0.0732625555549371
4.04999999999999 0.0705606172899491
4.09999999999999 0.0679479691472215
4.14999999999999 0.0654223284121465
4.19999999999999 0.0629814226460067
4.24999999999999 0.0606229941132472
4.29999999999999 0.0583448037524643
4.34999999999999 0.0561446347250878
4.39999999999999 0.0540202955735015
4.44999999999999 0.05196962301826
4.49999999999999 0.0499904844220907
4.54999999999999 0.0480807799465299
4.59999999999999 0.0462384444253148
4.64999999999999 0.0444614489770276
4.69999999999999 0.0427478023779706
4.74999999999999 0.0410955522148233
4.79999999999999 0.0395027858352964
4.84999999999999 0.0379676311137453
4.89999999999999 0.0364882570475295
4.94999999999999 0.0350628741988083
4.99999999999999 0.0336897349954276
5.04999999999999 0.032367133903595
5.09999999999999 0.03109340748413
5.14999999999999 0.0298669343432373
5.19999999999999 0.0286861349879563
5.24999999999999 0.0275494715957025
5.29999999999999 0.0264554477066244
5.34999999999999 0.0254026078468516
5.39999999999999 0.0243895370901086
5.44999999999999 0.0234148605646005
5.49999999999999 0.0224772429115526
5.54999999999999 0.0215753877012927
5.59999999999999 0.0207080368123046
5.64999999999999 0.0198739697782537
5.69999999999999 0.0190720031075864
5.74999999999999 0.0183009895799308
5.79999999999999 0.0175598175231799
5.84999999999999 0.0168474100748164
5.89999999999999 0.0161627244307336
5.94999999999999 0.0155047510845307
5.99999999999999 0.0148725130599983
6.04999999999999 0.0142650651392661
6.09999999999999 0.0136814930888636
6.14999999999999 0.0131209128857321
6.19999999999999 0.0125824699450337
6.24999999999999 0.0120653383514233
6.29999999999999 0.0115687200952823
6.34999999999999 0.0110918443152582
6.39999999999999 0.0106339665483133
6.44999999999999 0.0101943679883487
6.49999999999998 0.00977235475435435
6.54999999999998 0.0093672571689167
6.59999999999998 0.00897842904781621
6.64999999999998 0.00860524700134801
6.69999999999998 0.00824710974791244
6.74999999999998 0.00790343744034053
6.79999999999998 0.00757367100534477
6.84999999999998 0.00725727149641723
6.89999999999998 0.00695371946043482
6.94999999999998 0.00666251431817353
6.99999999999998 0.00638317375888171
7.04999999999998 0.00611523314901446
7.09999999999998 0.00585824495518801
7.14999999999998 0.00561177818137325
7.19999999999998 0.00537541782031217
7.24999999999998 0.00514876431910856
7.29999999999998 0.00493143305891514
7.34999999999998 0.00472305384861342
7.39999999999998 0.00452327043235891
7.44999999999998 0.00433174001084355
7.49999999999998 0.00414813277610882
7.54999999999998 0.00397213145972634
7.59999999999998 0.0038034308941487
7.64999999999998 0.00364173758702042
7.69999999999998 0.0034867693082284
7.74999999999998 0.00333825468946164
7.79999999999998 0.00319593283604239
7.84999999999998 0.00305955295078418
7.89999999999998 0.00292887396962685
7.94999999999998 0.00280366420879468
7.99999999999998 0.00268370102322014
