3 0.13792081576194 0.141120008059867
3.014 0.128204440053991 0.127246736324687
3.028 0.118079896193186 0.113348524636544
3.042 0.107558009080513 0.0994280970004369
3.056 0.0966504677080465 0.0854881817756175
3.07 0.0853697868859093 0.0715315111408446
3.084 0.0737292662317006 0.0575608205588827
3.098 0.0617429465891964 0.0435788482403615
3.112 0.0494255640472659 0.0295883346070947
3.126 0.0367925017333127 0.0155920217549664
3.14 0.0238597395583189 0.00159265291648905
3.154 0.0106438020928583 -0.0124070280768614
3.168 -0.00283829524460068 -0.0264042773324275
3.182 -0.0165691015040507 -0.0403963514341648
3.196 -0.0305307868402534 -0.0543805079803423
3.21 -0.044705200282627 -0.0683540061210447
3.224 -0.0590739284505441 -0.0823141070953699
3.238 -0.0736183550238704 -0.0962580747682175
3.252 -0.0883197207762981 -0.110183176166563
3.266 -0.103159183976442 -0.12408668201511
3.28 -0.118117880958718 -0.137965867271223
3.294 -0.133176986662764 -0.151818011659022
3.308 -0.148317774936531 -0.165640400202553
3.322 -0.163521678394334 -0.179430323757911
3.336 -0.178770347617036 -0.193185079544225
3.34999999999999 -0.194045709477357 -0.206901971673395
3.36399999999999 -0.209330024369136 -0.220578311678474
3.37799999999999 -0.224605942115259 -0.234211419040604
3.39199999999999 -0.239856556325289 -0.247798621714386
3.40599999999999 -0.255065456970469 -0.261337256651593
3.41999999999999 -0.270216780941156 -0.274824670323118
3.43399999999999 -0.285295260349898 -0.28825821923906
3.44799999999999 -0.300286268342603 -0.301635270466835
3.46199999999999 -0.315175862180655 -0.314953202147228
3.47599999999999 -0.329950823358725 -0.328209404008263
3.48999999999999 -0.344598694526472 -0.341401277876814
3.50399999999999 -0.359107812987619 -0.354526238187833
3.51799999999999 -0.373467340557103 -0.367581712491116
3.53199999999999 -0.387667289566328 -0.380565141955495
3.54599999999999 -0.401698544818108 -0.393473981870359
3.55999999999999 -0.415552881306754 -0.406305702144409
3.57399999999999 -0.429222977535055 -0.41905778780155
3.58799999999999 -0.442702424278571 -0.431727739473818
3.60199999999999 -0.455985728668807 -0.444313073891243
3.61599999999999 -0.469068313490361 -0.456811324368571
3.62999999999999 -0.481946511612971 -0.469220041288719
3.64399999999999 -0.494617555507465 -0.481536792582894
3.65799999999999 -0.507079561824727 -0.493759164207272
3.67199999999999 -0.519331511048778 -0.505884760616143
3.68599999999999 -0.531373222268724 -0.517911205231429
3.69999999999999 -0.543205323149331 -0.529836140908484
3.71399999999999 -0.554829215216103 -0.541657230398093
3.72799999999999 -0.56624703460759 -0.553372156804558
3.74199999999999 -0.577461608484941 -0.564978624039806
3.75599999999999 -0.588476407326014 -0.576474357273415
3.76999999999999 -0.599295493368259 -0.587857103378473
3.78399999999999 -0.609923465500758 -0.599124631373184
3.79799999999999 -0.620365400940725 -0.61027473285813
3.81199999999999 -0.630626794063079 -0.621305222449116
3.82599999999999 -0.640713492782946 -0.632213938205495
3.83999999999999 -0.650631632919727 -0.642998742053899
3.85399999999999 -0.660387570997261 -0.653657520207301
3.86799999999999 -0.669987815957249 -0.664188183579304
3.88199999999999 -0.679438960282122 -0.674588668193599
3.89599999999999 -0.688747611038603 -0.684856935588498
3.90999999999999 -0.697920321364007 -0.694990973216462
3.92399999999999 -0.706963522923682 -0.704988794838559
3.93799999999999 -0.715883459869528 -0.714848440913757
3.95199999999999 -0.724686124826339 -0.724567978982989
3.96599999999999 -0.733377197424377 -0.734145504047909
3.97999999999999 -0.741961985883349 -0.743579138944265
3.99399999999999 -0.750445372134579 -0.752867034709817
4.00799999999998 -0.75883176094488 -0.762007370946728
4.02199999999999 -0.767125033477392 -0.770998356178357
4.03599999999999 -0.775328505691846 -0.779838228200383
4.04999999999999 -0.783444891949299 -0.788525254426186
4.06399999999999 -0.791476274144946 -0.797057732226438
4.07799999999999 -0.799424076647237 -0.805433989262805
4.09199999999999 -0.807289047272777 -0.813652383815721
4.10599999999999 -0.815071244474719 -0.821711305106165
4.11999999999999 -0.822770030868069 -0.829609173611363
4.13399999999999 -0.830384073159078 -0.837344441374372
4.14799999999999 -0.83791134848813 -0.844915592307472
4.16199999999999 -0.845349157136987 -0.852321142489319
4.17599999999999 -0.852694141492373 -0.859559640455783
4.18999999999999 -0.859942311099363 -0.866629667484438
4.20399999999999 -0.867089073580474 -0.873529837872618
4.21799999999999 -0.874129271140338 -0.880258799209017
4.23199999999999 -0.881057222322034 -0.886815232638754
4.24599999999999 -0.887866768630037 -0.893197853121867
4.25999999999999 -0.894551325587038 -0.899405409685173
4.27399999999999 -0.901103937747988 -0.905436685667459
4.28799999999999 -0.907517337155183 -0.911290498957939
4.30199999999999 -0.913784004683551 -0.916965702227949
4.31599999999999 -0.919896233695817 -0.922461183155817
4.32999999999999 -0.925846195403352 -0.927775864644872
4.34399999999999 -0.931626005310567 -0.932908705034557
4.35799999999999 -0.937227790108834 -0.937858698304588
4.37199999999999 -0.94264375438042 -0.942624874272129
4.38599999999999 -0.947866246473746 -0.94720629878195
4.39999999999999 -0.952887822918649 -0.951602073889513
4.41399999999999 -0.957701310764015 -0.955811338036969
4.42799999999999 -0.962299867240215 -0.959833266222021
4.44199999999999 -0.966677036174936 -0.96366707015962
4.45599999999999 -0.970826800623075 -0.967311998436466
4.46999999999999 -0.974743631208979 -0.970767336658287
4.48399999999999 -0.978422529722207 -0.974032407589852
4.49799999999999 -0.981859067555608 -0.977106571287711
4.51199999999999 -0.985049418626447 -0.979989225225622
4.52599999999999 -0.987990386476998 -0.98267980441264
4.53999999999999 -0.990679425309936 -0.985177781503858
4.55399999999999 -0.993114654775284 -0.987482666903764
4.56799999999999 -0.995294868389073 -0.989594008862197
4.58199999999999 -0.997219535528499 -0.991511393562892
4.59599999999999 -0.998888797013598 -0.993234445204587
4.61 -1.00030345435055 -0.994762826074675
4.624 -1.00146495277602 -0.996096236615399
4.638 -1.00237535830471 -0.997234415482562
4.652 -1.00303732904308 -0.99817713959675
4.666 -1.00345408108975 -0.998924224187053
4.68 -1.00362934939787 -0.999475522827284
4.694 -1.00356734402475 -0.999830927464674
4.708 -1.00327270224032 -0.999990368441053
4.722 -1.0027504370064 -0.999953814506498
4.736 -1.00200588237456 -0.999721272825465
4.75 -1.00104463637947 -0.999292788975378
4.764 -0.99987250202848 -0.9986684469377
4.778 -0.998495427004808 -0.997848369081473
4.792 -0.996919442712476 -0.996832716139329
4.806 -0.99515060329483 -0.995621687175996
4.82 -0.993194925255682 -0.994215519549272
4.834 -0.991058328302656 -0.99261448886351
4.848 -0.988746578016363 -0.990818908915601
4.862 -0.986265230926743 -0.988829131633465
4.876 -0.983619582549621 -0.98664554700708
4.89 -0.980814618902465 -0.984268583012042
4.904 -0.977854971978953 -0.981698705525684
4.918 -0.974744879617726 -0.978936418235768
4.932 -0.971488150151998 -0.97598226254176
4.946 -0.968088132174244 -0.972836817448717
4.96 -0.964547689694366 -0.969500699453809
4.974 -0.96086918291138 -0.965974562425482
4.988 -0.95705445475819 -0.962259097475306
5.002 -0.953104823317303 -0.958355032822518
5.016 -0.949021080142881 -0.95426313365129
5.03 -0.944803494462113 -0.94998420196076
5.044 -0.940451823167162 -0.945519076407843
5.058 -0.935965326448533 -0.940868632142851
5.072 -0.9313427888623 -0.936033780637974
5.086 -0.926582545567834 -0.931015469508629
5.1 -0.92168251342005 -0.925814682327731
5.114 -0.91664022655129 -0.920432438432919
5.128 -0.911452876033326 -0.914869792726766
5.142 -0.906117353169979 -0.909127835470023
5.156 -0.900630295935963 -0.903207692067929
5.17 -0.894988138048059 -0.89711052284964
5.184 -0.889187160130979 -0.890837522840804
5.198 -0.883223542422316 -0.88438992152934
5.21200000000001 -0.877093418449198 -0.877768982624465
5.22600000000001 -0.870792929103451 -0.870976003809009
5.24000000000001 -0.864318276542534 -0.864012316485072
5.25400000000001 -0.857665777349925 -0.856879285513077
5.26800000000001 -0.850831914401046 -0.84957830894426
5.28200000000001 -0.843813386898988 -0.842110817746655
5.29600000000001 -0.836607158067947 -0.834478275524632
5.31000000000001 -0.829210500021162 -0.826682178232032
5.32400000000001 -0.821621035353851 -0.818724053878967
5.33800000000001 -0.813836775049801 -0.810605462232332
5.35200000000001 -0.805856152332388 -0.802327994510101
5.36600000000001 -0.797678052136461 -0.793893273069449
5.38000000000001 -0.789301835926093 -0.785302951088776
5.39400000000001 -0.780727361634288 -0.776558712243689
5.40800000000001 -0.771954998553581 -0.767662270377009
5.42200000000001 -0.762985637060694 -0.758615369162863
5.43600000000001 -0.753820693113259 -0.749419781764925
5.45000000000001 -0.744462107511625 -0.740077310488888
5.46400000000001 -0.734912339973276 -0.730589786429214
5.47800000000001 -0.725174358120878 -0.720959069110247
5.49200000000001 -0.715251621536868 -0.711187046121748
5.50600000000001 -0.705148061087272 -0.701275632748942
5.52000000000001 -0.694868053764656 -0.691226771597119
5.53400000000001 -0.684416393344188 -0.681042432210897
5.54800000000001 -0.673798257187454 -0.67072461068819
5.56200000000001 -0.663019169565412 -0.660275329288988
5.57600000000001 -0.652084961904429 -0.649696636038992
5.59000000000001 -0.641001730387438 -0.638990604328215
5.60400000000001 -0.629775791365583 -0.628159332504598
5.61800000000001 -0.618413635054176 -0.617204943462744
5.63200000000001 -0.606921878000216 -0.606129584227838
5.64600000000001 -0.595307214817029 -0.594935425534833
5.66000000000001 -0.583576369684757 -0.583624661402997
5.67400000000001 -0.571736048113529 -0.572199508705891
5.68800000000001 -0.559792889459198 -0.560662206736869
5.70200000000001 -0.547753420669727 -0.54901501677018
5.71600000000001 -0.535624011723769 -0.537260221617774
5.73000000000001 -0.523410833202013 -0.525400125181868
5.74400000000001 -0.511119816406608 -0.513437052003396
5.75800000000001 -0.498756616414891 -0.501373346806404
5.77200000000001 -0.48632657842088 -0.489211374038491
5.78600000000001 -0.473834707682129 -0.476953517407385
5.80000000000001 -0.461285643350747 -0.464602179413744
5.81400000000002 -0.448683636426267 -0.452159780880275
5.82800000000002 -0.43603253202493 -0.439628760477258
5.84200000000002 -0.42333575611529 -0.427011574244576
5.85600000000002 -0.410596306824319 -0.41431069511034
5.87000000000002 -0.397816750371852 -0.4015286124062
5.88400000000002 -0.384999221644682 -0.388667831379447
5.89800000000002 -0.372145429375373 -0.375730872701991
5.91200000000002 -0.359256665845374 -0.362720271976317
5.92600000000002 -0.346333820987602 -0.349638579238517
5.94000000000002 -0.333377400720889 -0.336488358458488
5.95400000000002 -0.320387549307827 -0.323272187037406
5.96800000000002 -0.307364075488985 -0.30999265530256
5.98200000000002 -0.294306482110611 -0.296652365999658
5.99600000000002 -0.281213998930008 -0.283253933782697
6.01000000000002 -0.268085618253125 -0.269799984701498
6.02400000000002 -0.25492013303273 -0.256293155687012
6.03800000000002 -0.241716177033113 -0.242736094034487
6.05200000000002 -0.228472266648703 -0.229131456884604
6.06600000000002 -0.215186843949476 -0.215481910702693
6.08000000000002 -0.201858320515665 -0.20179013075611
6.09400000000002 -0.188485121618117 -0.188058800589891
6.10800000000002 -0.175065730298704 -0.174290611500792
6.12200000000002 -0.161598730907514 -0.160488262009798
6.13600000000002 -0.148082851660009 -0.146654457333222
6.15000000000002 -0.13451700578793 -0.132791908852496
6.16400000000002 -0.120900330872285 -0.118903333582744
6.17800000000002 -0.107232225965148 -0.104991453640256
6.19200000000002 -0.0935123861290472 -0.0910589957089645
6.20600000000002 -0.0797408340481876 -0.0771086905060226
6.22000000000002 -0.0659179483944233 -0.0631432722465906
6.23400000000002 -0.0520444886624838 -0.0491654781079396
6.24800000000002 -0.0381216162231796 -0.0351780476929735
6.26200000000002 -0.0241509113798396 -0.0211837224932755
6.27600000000002 -0.0101343862517456 -0.00718524535178446
6.29000000000002 0.00392550665152804 0.00681464007479327
6.30400000000002 0.0180258702595631 0.0208131898537321
6.31800000000002 0.0321633632267297 0.0348076603140892
6.33200000000002 0.0463342046836036 0.0487953085844549
6.34600000000002 0.0605341834208458 0.062773393130547
6.36000000000002 0.0747586714295796 0.0767391742925428
6.37400000000002 0.0890026416803042 0.0906899148220434
6.38800000000002 0.103260689981433 0.104622880418566
6.40200000000003 0.117527060719007 0.118535340265456
6.41600000000003 0.131795676241367 0.132424567565124
6.43000000000003 0.14606016961694 0.14628784007348
6.44400000000003 0.160313920460096 0.160122440633496
6.45800000000003 0.174550093489647 0.173925657707749
6.47200000000003 0.188761679457182 0.187694785909883
6.48600000000003 0.202941538058402 0.201427126534847
6.50000000000003 0.217082442420163 0.215119988087842
6.51400000000003 0.231177124739187 0.228770686811837
6.52800000000003 0.245218322635645 0.242376547213584
6.54200000000003 0.259198825776091 0.255934902588001
6.55600000000003 0.273111522315713 0.269443095540837
6.57000000000003 0.286949444709547 0.282898478509519
6.58400000000003 0.300705814446313 0.29629841428206
6.59800000000003 0.314374085266746 0.309640276513945
6.61200000000003 0.327947984440755 0.322921450242889
6.62600000000003 0.341421551694315 0.336139332401357
6.64000000000003 0.354789175397552 0.349291332326762
6.65400000000003 0.368045625649877 0.362374872269222
6.66800000000003 0.38118608392604 0.375387387896792
6.68200000000003 0.394206168978366 0.388326328798066
6.69600000000003 0.407101958724979 0.40118915898205
6.71000000000003 0.41987000789109 0.413973357375206
6.72400000000003 0.432507361210289 0.426676418315573
6.73800000000003 0.445011562034638 0.439295852043876
6.75200000000003 0.457380656246053 0.451829185191501
6.76600000000003 0.469613191406391 0.464273961265275
6.78000000000003 0.481708211129584 0.476627741128927
6.79400000000003 0.493665244705468 0.488888103481152
6.80800000000003 0.505484292051374 0.501052645330178
6.82200000000003 0.517165804113473 0.513118982464746
6.83600000000003 0.528710658885008 0.525084749921404
6.85000000000003 0.540120133252298 0.536947602448039
6.86400000000003 0.551395870921465 0.54870521496353
6.87800000000003 0.562539846718716 0.560355283013466
6.89200000000003 0.573554327594309 0.571895523221803
6.90600000000003 0.584441830694691 0.583323673738405
6.92000000000003 0.595205078898338 0.594637494682356
6.93400000000003 0.605846954238201 0.605834768580969
6.94800000000003 0.616370449657137 0.616913300804407
6.96200000000003 0.626778619561912 0.627870919995819
6.97600000000003 0.637074529656231 0.638705478496923
6.99000000000003 0.647261206543412 0.649414852768938
7.00400000000004 0.657341587594826 0.659996943808789
7.01800000000004 0.667318471580837 0.670449677560511
7.03200000000004 0.677194470556756 0.680771005321749
7.04600000000004 0.68697196348718 0.690958904145305
7.06000000000004 0.696653052078173 0.701011377235624
7.07400000000004 0.706239519268074 0.710926454340161
7.08800000000004 0.715732790804499 0.720702192135545
7.10200000000004 0.725133900307505 0.730336674608464
7.11600000000004 0.734443458187137 0.739828013431195
7.13000000000004 0.743661624748019 0.749174348331714
7.14400000000004 0.752788087774528 0.758373847458301
7.15800000000004 0.761822044847833 0.767424707738579
7.17200000000004 0.770762190601063 0.776325155232905
7.18600000000004 0.779606709071491 0.785073445482065
7.20000000000004 0.788353271259399 0.793667863849176
7.21400000000004 0.796999037952652 0.802106725855752
7.22800000000004 0.805540667824445 0.810388377511854
7.24200000000004 0.813974330759766 0.81851119564027
7.25600000000004 0.822295726314272 0.82647358819465
7.27000000000004 0.830500107158099 0.834273994571545
7.28400000000004 0.83858230730705 0.841910885916275
7.29800000000004 0.846536774895266 0.849382765422586
7.31200000000004 0.854357609197178 0.856688168626013
7.32600000000004 0.862038601562983 0.863825663690916
7.34000000000004 0.869573279891295 0.870793851691111
7.35400000000004 0.876954956225605 0.877591366884058
7.36800000000004 0.884176777028024 0.88421687697854
7.38200000000004 0.891231775654866 0.890669083395789
7.39600000000004 0.898112926534283 0.896946721524002
7.41000000000004 0.90481320052665 0.903048560966203
7.42400000000004 0.911325620933895 0.908973405781395
7.43800000000004 0.917643319614754 0.914720094718962
7.45200000000004 0.923759592659012 0.920287501446268
7.46600000000004 0.929667955075285 0.92567453476942
7.48000000000004 0.93536219395387 0.930880138847129
7.49400000000004 0.940836419578479 0.935903293397663
7.50800000000004 0.946085113978307 0.94074301389881
7.52200000000004 0.951103176434646 0.945398351780844
7.53600000000004 0.955885965483931 0.949868394612445
7.55000000000004 0.960429336991534 0.954152266279528
7.56400000000004 0.964729677907349 0.958249127156959
7.57800000000004 0.968783935355077 0.962158174273123
7.59200000000004 0.972589640751537 0.965878641467298
7.60600000000005 0.97614492870006 0.969409799539824
7.62000000000005 0.97944855045245 0.972750956395024
7.63400000000005 0.982499881786704 0.975901457176851
7.64800000000005 0.985298925202178 0.978860684397236
7.66200000000005 0.98784630638951 0.981628058057119
7.67600000000005 0.99014326498898 0.98420303576012
7.69000000000005 0.992191639707385 0.986585112818853
7.70400000000005 0.993993847919461 0.988773822353842
7.71800000000005 0.995552859934778 0.990768735385023
7.73200000000005 0.996872168164383 0.992569460915828
7.74600000000005 0.997955751472606 0.994175646009819
7.76000000000005 0.998808035048004 0.995586975859859
7.77400000000005 0.999433846172743 0.996803173849816
7.78800000000005 0.999838366311495 0.997824001608776
7.80200000000005 1.00002707997858 0.998649259057767
7.81600000000005 1.0000057208753 0.999278784448971
7.83000000000005 0.999780215817885 0.999712454397427
7.84400000000005 0.999356626999662 0.999950183905213
7.85800000000005 0.99874109314919 0.999991926378106
7.87200000000005 0.997939770158289 0.999837673634716
7.88600000000005 0.996958771760723 0.999487455908086
7.90000000000005 0.995804110843118 0.99894134183977
7.91400000000005 0.994481641964805 0.998199438466376
7.92800000000005 0.99299700565253 0.997261891198591
7.94200000000005 0.991355575019622 0.996128883792679
7.95600000000005 0.989562405237211 0.994800638314462
7.97000000000005 0.987622186357834 0.993277415095804
7.98400000000005 0.985539199959407 0.991559512683578
7.99800000000005 0.983317280040404 0.989647267781158
8.01200000000005 0.980959778555594 0.987541055182423
8.02600000000005 0.978469535936173 0.9852412876983
8.04000000000005 0.975848856889123 0.982748416075853
8.05400000000005 0.97309949171856 0.98006292890994
8.06800000000005 0.970222623357255 0.977185352547448
8.08200000000005 0.967218860239993 0.974116250984132
8.09600000000005 0.964088235092506 0.970856225754074
8.11000000000005 0.960830209650992 0.967405915811783
8.12400000000005 0.957443685268321 0.963765997406961
8.13800000000005 0.953927019304516 0.959937183951963
8.15200000000005 0.950278047141584 0.955920225881969
8.16600000000004 0.946494109606843 0.951715910507902
8.18000000000004 0.942572085535172 0.947325061862116
8.19400000000004 0.938508429149556 0.942748540536888
8.20800000000004 0.934299211891546 0.937987243515747
8.22200000000004 0.929940168289205 0.933042103997667
8.23600000000004 0.925426745410288 0.927914091214163
8.25000000000004 0.92075415541316 0.922604210239324
8.26400000000004 0.915917430677697 0.917113501792823
8.27800000000004 0.91091148097345 0.911443042035937
8.29200000000004 0.905731152102859 0.905593942360626
8.30600000000004 0.900371285443648 0.899567349171701
8.32000000000004 0.894826777806602 0.893364443662135
8.33400000000004 0.889092641023061 0.88698644158155
8.34800000000004 0.883164060680474 0.880434592997935
8.36200000000004 0.877036453434249 0.87371018205264
8.37600000000004 0.870705522339854 0.866814526708681
8.39000000000003 0.864167309670375 0.859748978492431
8.40400000000003 0.857418246711377 0.852514922228722
8.41800000000003 0.850455200056596 0.845113775769423
8.43200000000003 0.843275513964369 0.837546989715546
8.44600000000003 0.835877048375395 0.829816047132934
8.46000000000003 0.828258212236964 0.821922463261585
8.47400000000003 0.820417991826673 0.813867785218667
8.48800000000003 0.81235597381941 0.805653591695292
8.50200000000003 0.804072362894381 0.797281492647093
8.51600000000003 0.795567993733746 0.788753128978682
8.53000000000003 0.786844337320216 0.780070172222036
8.54400000000003 0.777903501497426 0.771234324208884
8.55800000000003 0.768748225813111 0.762247316737149
8.57200000000003 0.759381870720807 0.753110911231525
8.58600000000003 0.749808401270083 0.743826898398242
8.60000000000002 0.74003236546788 0.734397097874096
8.61400000000002 0.730058867543633 0.724823357869802
8.62800000000002 0.71989353639815 0.715107554807751
8.64200000000002 0.709542489560088 0.70525159295424
8.65600000000002 0.699012293014013 0.695257404046241
8.67000000000002 0.68830991729997 0.685126946912785
8.68400000000002 0.677442690315934 0.67486220709104
8.69800000000002 0.666418247281234 0.664465196437149
8.71200000000002 0.655244478340726 0.653937952731918
8.72600000000002 0.643929474306069 0.64328253928141
8.74000000000002 0.632481471041838 0.632501044512553
8.75400000000002 0.620908793010267 0.621595581563803
8.76800000000002 0.609219796489343 0.61056828787099
8.78200000000002 0.597422812974693 0.599421324748373
8.79600000000002 0.58552609326654 0.58815687696504
8.81000000000001 0.573537752728998 0.576777152316697
8.82400000000001 0.56146571819056 0.565284381192943
8.83800000000001 0.54931767693196 0.553680816140127
8.85200000000001 0.537101028181125 0.541968731419853
8.86600000000001 0.524822837505044 0.530150422563232
8.88000000000001 0.512489794455426 0.518228205920966
8.89400000000001 0.500108173789577 0.50620441820935
8.90800000000001 0.487683800550295 0.494081416052283
8.92200000000001 0.475222019249446 0.481861575519379
8.93600000000001 0.462727667359497 0.469547291660262
8.95000000000001 0.450205053276385 0.457140978035148
8.96400000000001 0.437657938875882 0.44464506624179
8.97800000000001 0.425089526744836 0.432062005438896
8.99200000000001 0.412502452128509 0.419394261866102
9.00600000000001 0.399898779596244 0.406644318360594
9.02 0.387280004390272 0.393814673870483
9.034 0.374647058386816 0.380907842965017
9.048 0.362000320565258 0.367926355341735
9.062 0.3493396318501 0.354872755330653
9.076 0.336664314162066 0.341749601395585
9.09 0.323973193489131 0.328559465632691
9.104 0.311264626765573 0.315304933266354
9.118 0.298536532327477 0.301988602142486
9.132 0.285786423696406 0.288613082219359
9.146 0.273011446429275 0.275180995056057
9.16 0.260208417761599 0.261694973298664
9.174 0.247373868763321 0.248157660164273
9.188 0.234504088720986 0.234571708922919
9.202 0.221595171457166 0.220939782377554
9.216 0.208643063297343 0.20726455234214
9.23 0.195643612395843 0.193548699117985
9.24399999999999 0.182592619135562 0.179794910968414
9.25799999999999 0.16948588732091 0.166005883591872
9.27199999999999 0.156319275889314 0.152184319593583
9.28599999999999 0.143088750873591 0.138332927955843
9.29999999999999 0.129790437355168 0.124454423507071
9.31399999999999 0.116420671156294 0.110551526389708
9.32799999999999 0.102976050027891 0.0966269615270837
9.34199999999999 0.0894534840981338 0.0826834580893328
9.35599999999999 0.0758502453552964 0.068723748958492
9.36999999999999 0.0621640159464706 0.0547505701928616
9.38399999999999 0.0483929350814764 0.040766660490747
9.39799999999999 0.0345356443384703 0.0267747606536831
9.41199999999999 0.0205913311743876 0.0127776130492454
9.42599999999999 0.0065597704493941 -0.00122203892644479
9.43999999999999 -0.00755863622002606 -0.0152214513864175
9.45399999999998 -0.0217628234598102 -0.0292178804906472
9.46799999999998 -0.0360510276649102 -0.0432085829838362
9.48199999999998 -0.0504207552257009 -0.0571908167330846
9.49599999999998 -0.0648687536223469 -0.0711618412653389
9.50999999999998 -0.0793909855515474 -0.0851189183045166
9.52399999999998 -0.0939826062462806 -0.0990593123081988
9.53799999999998 -0.108637944145121 -0.112980291003788
9.55199999999998 -0.123350485063199 -0.126879125924026
9.56599999999998 -0.138112860011742 -0.140753092941763
9.57999999999998 -0.152916836807117 -0.154599472803878
9.59399999999998 -0.167753315603309 -0.168415551664244
9.60799999999998 -0.182612328473505 -0.182198621615635
9.62199999999998 -0.19748304315682 -0.195945981220464
9.63599999999998 -0.212353771075046 -0.209654936040258
9.64999999999998 -0.227211979711483 -0.22332279916376
9.66399999999997 -0.242044309429299 -0.236946891733551
9.67799999999997 -0.256836594790467 -0.250524543471103
9.69199999999997 -0.271573890418045 -0.264053093200143
9.70599999999997 -0.286240501424383 -0.277529889368231
9.71999999999997 -0.300820018405916 -0.290952290566464
9.73399999999997 -0.315295356981393 -0.304317666047174
9.74799999999997 -0.329648801825071 -0.317623396239555
9.76199999999997 -0.34386205511947 -0.330866873263085
9.77599999999997 -0.357916289324095 -0.344045501438664
9.78999999999997 -0.371792204127241 -0.357156697797358
9.80399999999997 -0.385470087417793 -0.370197892586653
9.81799999999997 -0.398929880083244 -0.383166529774121
9.83199999999997 -0.412151244409101 -0.396060067548389
9.84599999999997 -0.42511363582389 -0.40887597881733
9.85999999999997 -0.437796377703381 -0.421611751703362
9.87399999999997 -0.450178738917772 -0.434264890035771
9.88799999999996 -0.462240013776823 -0.44683291383995
9.90199999999996 -0.473959604000558 -0.459313359823469
9.91599999999996 -0.485317102317638 -0.471703781858868
9.92999999999996 -0.496292377270084 -0.484001751463094
9.94399999999996 -0.506865658782109 -0.496204858273474
9.95799999999996 -0.517017624032632 -0.508310710520139
9.97199999999996 -0.526729483155993 -0.520316935494803
9.98599999999996 -0.535983064283579 -0.532221180015808
9.99999999999996 -0.544760897430891 -0.544021110889336


3 0 0
3.014 0.00186335804766657 0.00187859789455769
3.028 0.0035878173488495 0.00356279222988365
3.042 0.00516773810154114 0.0050522529092798
3.056 0.00659763821110937 0.00634668800322102
3.07 0.00787220512350978 0.00744584380657309
3.084 0.0089863070996008 0.00834950488831698
3.098 0.00993500389427615 0.00905749413377377
3.112 0.0107135568063855 0.00956967277931786
3.126 0.0113174380677172 0.00988594043957425
3.14 0.011742339541685 0.0100062351270941
3.154 0.0119841807047625 0.00993053326450377
3.168 0.0120391158861706 0.00965884968912578
3.182 0.0119035407437924 0.00919123765007146
3.196 0.0115740979568218 0.00852778879780325
3.21 0.0110476821181894 0.00766863316617239
3.224 0.010321443812397 0.0066139391469322
3.238 0.00939279286700223 0.00536391345673415
3.252 0.00825940076864473 0.00391880109661169
3.266 0.00691920223719478 0.00227888530396125
3.28 0.00537039595433131 0.000444487497028301
3.294 0.00361144444563521 -0.00158403278808961
3.308 0.00164107311811129 -0.00380627796791044
3.322 -0.000541731542080037 -0.00622181248949316
3.336 -0.00293772460395381 -0.00883016291580419
3.34999999999999 -0.0055474061473923 -0.0116308180185102
3.36399999999999 -0.00837102552644647 -0.014623228878177
3.37799999999999 -0.0114085864234016 -0.0178068089918555
3.39199999999999 -0.0146598526736156 -0.0211809343880353
3.40599999999999 -0.0181243548379588 -0.0247449437489401
3.41999999999999 -0.0218013974964539 -0.0284981385401448
3.43399999999999 -0.02569006723348 -0.0324397831474856
3.44799999999999 -0.0297892412816522 -0.0365691050212377
3.46199999999999 -0.0340975967882394 -0.0408852948275332
3.47599999999999 -0.0386136206647815 -0.0453875066069875
3.48999999999999 -0.0433356199773838 -0.0500748579405049
3.50399999999999 -0.0482617328320907 -0.0549464301222296
3.51799999999999 -0.053389939706738 -0.0600012683396094
3.53199999999999 -0.0587180751778259 -0.0652383818605359
3.54599999999999 -0.0642438399882487 -0.0706567442275245
3.55999999999999 -0.0699648133992071 -0.0762552934588974
3.57399999999999 -0.0758784657673349 -0.0820329322569275
3.58799999999999 -0.0819821712860491 -0.0879885282229069
3.60199999999999 -0.0882732208283821 -0.0941209140790918
3.61599999999999 -0.0947488348271416 -0.100428887897486
3.62999999999999 -0.101406176127184 -0.106911213335415
3.64399999999999 -0.108242362743907 -0.113566619877845
3.65799999999999 -0.115254480461804 -0.120393803086399
3.67199999999999 -0.122439595207118 -0.127391424855025
3.68599999999999 -0.129794765129255 -0.134558113672258
3.69999999999999 -0.137317052326767 -0.141892464890032
3.71399999999999 -0.145003534155327 -0.149393040998988
3.72799999999999 -0.152851314057264 -0.15705837191022
3.74199999999999 -0.160857531854877 -0.164886955243409
3.75599999999999 -0.169019370556829 -0.172877256621284
3.76999999999999 -0.177334028916734 -0.181027709970353
3.78399999999999 -0.185798795519114 -0.189336717827853
3.79799999999999 -0.194411036107618 -0.197802651654843
3.81199999999999 -0.203168188781911 -0.206423852155395
3.82599999999999 -0.212067769720084 -0.21519862960181
3.83999999999999 -0.221107377951079 -0.2241252641658
3.85399999999999 -0.230284699156449 -0.233202006255567
3.86799999999999 -0.239597508487092 -0.242427076858718
3.88199999999999 -0.24904367238709 -0.251798667890949
3.89599999999999 -0.258621149423622 -0.261314942550417
3.90999999999999 -0.268327990128875 -0.270974035677755
3.92399999999999 -0.278162335866956 -0.28077405412163
3.93799999999999 -0.288122416745972 -0.290713077109802
3.95199999999999 -0.298206548602602 -0.300789156625582
3.96599999999999 -0.30841312909353 -0.311000317789642
3.97999999999999 -0.318740632935046 -0.321344559247083
3.99399999999999 -0.329187606338858 -0.331819853559694
4.00799999999998 -0.33975266069856 -0.342424147603325
4.02199999999999 -0.350434465587311 -0.353155362970291
4.03599999999999 -0.361231741132951 -0.364011396376734
4.04999999999999 -0.372143249841961 -0.37499012007486
4.06399999999999 -0.383167787948357 -0.38608938226997
4.07799999999999 -0.394304176367639 -0.397307007542206
4.09199999999999 -0.405551251339383 -0.408640797272926
4.10599999999999 -0.416907854844762 -0.420088530075626
4.11999999999999 -0.428372824887318 -0.431647962231324
4.13399999999999 -0.439944985726561 -0.443316828128324
4.14799999999999 -0.451623138154432 -0.455092840706264
4.16199999999999 -0.463406049904385 -0.466973691904378
4.17599999999999 -0.475292446281673 -0.478957053113867
4.18999999999999 -0.48728100110155 -0.491040575634294
4.20399999999999 -0.499370328019344 -0.50322189113393
4.21799999999999 -0.511558972332899 -0.515498612113933
4.23199999999999 -0.52384540333361 -0.527868332376292
4.24599999999999 -0.536228007277356 -0.540328627495435
4.25999999999999 -0.548705081040979 -0.552877055293408
4.27399999999999 -0.561274826523716 -0.565511156318534
4.28799999999999 -0.573935345846203 -0.578228454327458
4.30199999999999 -0.586684637392316 -0.591026456770482
4.31599999999999 -0.599520592731391 -0.603902655280098
4.32999999999999 -0.612440994450288 -0.616854526162619
4.34399999999999 -0.625443514916335 -0.629879530892814
4.35799999999999 -0.638525715983685 -0.642975116611454
4.37199999999999 -0.651685049646904 -0.65613871662566
4.38599999999999 -0.66491885963693 -0.669367750911971
4.39999999999999 -0.67822438394596 -0.682659626622018
4.41399999999999 -0.691598758259289 -0.696011738590711
4.42799999999999 -0.705039020264022 -0.70942146984685
4.44199999999999 -0.718542114796605 -0.722886192126038
4.45599999999999 -0.732104899783738 -0.736403266385811
4.46999999999999 -0.745724152924225 -0.749970043322889
4.48399999999999 -0.759396579052961 -0.763583863892422
4.49799999999999 -0.773118818122453 -0.77724205982916
4.51199999999999 -0.786887453732265 -0.790941954170426
4.52599999999999 -0.800699022132441 -0.804680861780785
4.53999999999999 -0.814550021623458 -0.818456089878328
4.55399999999999 -0.828436922272606 -0.832264938562446
4.56799999999999 -0.842356151525763 -0.846104701343006
4.58199999999999 -0.856304080919327 -0.859972665670805
4.59599999999999 -0.870277143006947 -0.873866113469233
4.61 -0.88427177666847 -0.887782321666998
4.624 -0.898284433996192 -0.901718562731843
4.638 -0.912311589620237 -0.915672105205134
4.652 -0.926349749609592 -0.929640214237216
4.666 -0.94039545987671 -0.943620152123434
4.68 -0.954445314018087 -0.957609178840717
4.694 -0.96849596052855 -0.971604552584612
4.708 -0.982544109332856 -0.985603530306669
4.722 -0.996586537584804 -0.999603368252069
4.736 -1.01062009469114 -1.01360132249739
4.75 -1.02464170652503 -1.02759464948842
4.764 -1.03864837880187 -1.04158060657786
4.778 -1.05263719959834 -1.05555645256289
4.792 -1.06660534100409 -1.06951944822244
4.806 -1.0805500599039 -1.08346685685407
4.82 -1.09446869789674 -1.09739594481032
4.834 -1.10835868036674 -1.11130398203456
4.848 -1.12221751472908 -1.12518824259601
4.862 -1.13604278788232 -1.13904600522405
4.876 -1.14983216290592 -1.15287455384157
4.89 -1.16358337504958 -1.1666711780973
4.904 -1.17729422706716 -1.18043317389707
4.918 -1.19096258395493 -1.19415784393374
4.932 -1.20458636715888 -1.20784249821593
4.946 -1.21816354832117 -1.22148445459521
4.96 -1.23169214263986 -1.23508103929181
4.974 -1.24517020191939 -1.24862958741864
4.988 -1.25859580739213 -1.26212744350365
5.002 -1.27196706239279 -1.27557196201025
5.016 -1.28528208496875 -1.28896050785587
5.03 -1.29853900050915 -1.30229045692836
5.044 -1.31173593447506 -1.3155591966004
5.058 -1.32487100531126 -1.32876412624148
5.072 -1.33794231761789 -1.34190265772766
5.086 -1.35094795565698 -1.35497221594883
5.1 -1.36388597726499 -1.36797023931343
5.114 -1.37675440823782 -1.38089418025048
5.128 -1.38955123724953 -1.39374150570893
5.142 -1.40227441136029 -1.40650969765413
5.156 -1.41492183216251 -1.41919625356131
5.17 -1.42749135260762 -1.43179868690615
5.184 -1.43998077454872 -1.44431452765205
5.198 -1.4523878470268 -1.4567413227343
5.21200000000001 -1.46471026532096 -1.46907663654082
5.22600000000001 -1.476945670775 -1.48131805138962
5.24000000000001 -1.48909165140536 -1.49346316800256
5.25400000000001 -1.50114574328737 -1.50550960597568
5.26800000000001 -1.51310543270958 -1.51745500424569
5.28200000000001 -1.52496815907835 -1.52929702155278
5.29600000000001 -1.53673131854807 -1.54103333689945
5.31000000000001 -1.54839226834548 -1.55266165000548
5.32400000000001 -1.55994833175068 -1.56417968175873
5.33800000000001 -1.57139680369137 -1.57558517466183
5.35200000000001 -1.58273493459019 -1.5868758932747
5.36600000000001 -1.59395992897378 -1.59804962465264
5.38000000000001 -1.60506902588643 -1.60910417878005
5.39400000000001 -1.61605945743086 -1.62003738899973
5.40800000000001 -1.62692845530222 -1.63084711243747
5.42200000000001 -1.63767325840342 -1.64153123042208
5.43600000000001 -1.64829112050633 -1.65208764890064
5.45000000000001 -1.65877931789085 -1.66251429884892
5.46400000000001 -1.66913515689395 -1.67280913667691
5.47800000000001 -1.67935598130121 -1.68297014462936
5.49200000000001 -1.68943917951536 -1.69299533118123
5.50600000000001 -1.69938219143791 -1.70288273142806
5.52000000000001 -1.70918251500338 -1.71263040747104
5.53400000000001 -1.71883771230866 -1.72223644879689
5.54800000000001 -1.72834541528463 -1.73169897265224
5.56200000000001 -1.73770333086138 -1.74101612441273
5.57600000000001 -1.74690924558376 -1.75018607794642
5.59000000000001 -1.75596102963967 -1.75920703597179
5.60400000000001 -1.7648566402692 -1.76807723040993
5.61800000000001 -1.77359412452917 -1.77679492273114
5.63200000000001 -1.78217162139421 -1.78535840429563
5.64600000000001 -1.79058736318188 -1.79376599668843
5.66000000000001 -1.79883967629652 -1.80201605204834
5.67400000000001 -1.80692698129293 -1.81010695339092
5.68800000000001 -1.81484779226794 -1.81803711492542
5.70200000000001 -1.82260071559458 -1.82580498236555
5.71600000000001 -1.83018444801975 -1.83340903323417
5.73000000000001 -1.83759777415294 -1.84084777716164
5.74400000000001 -1.84483956337887 -1.84811975617799
5.75800000000001 -1.85190876623297 -1.85522354499859
5.77200000000001 -1.85880441028336 -1.86215775130357
5.78600000000001 -1.86552559556784 -1.86892101601071
5.80000000000001 -1.87207148963831 -1.87551201354177
5.81400000000002 -1.87844132226884 -1.88192945208233
5.82800000000002 -1.88463437988651 -1.88817207383499
5.84200000000002 -1.89064999978635 -1.89423865526587
5.85600000000002 -1.89648756419385 -1.90012800734442
5.87000000000002 -1.90214649423929 -1.90583897577649
5.88400000000002 -1.90762624390874 -1.91137044123055
5.89800000000002 -1.91292629403654 -1.91672131955709
5.91200000000002 -1.91804614640305 -1.92189056200107
5.92600000000002 -1.92298531800031 -1.92687715540753
5.94000000000002 -1.9277433355258 -1.93168012242013
5.95400000000002 -1.93231973016253 -1.9362985216727
5.96800000000002 -1.93671403269978 -1.94073144797378
5.98200000000002 -1.94092576904576 -1.944978032484
5.99600000000002 -1.94495445617888 -1.9490374428864
6.01000000000002 -1.94879959858005 -1.95290888354953
6.02400000000002 -1.95246068518307 -1.95659159568341
6.03800000000002 -1.95593718687528 -1.96008485748825
6.05200000000002 -1.95922855457469 -1.96338798429593
6.06600000000002 -1.96233421790414 -1.96650032870417
6.08000000000002 -1.96525358447691 -1.96942128070342
6.09400000000002 -1.96798603980232 -1.97215026779644
6.10800000000002 -1.97053094781335 -1.97468675511051
6.12200000000002 -1.97288765201229 -1.97703024550222
6.13600000000002 -1.97505547722446 -1.97918027965496
6.15000000000002 -1.9770337319437 -1.98113643616892
6.16400000000002 -1.97882171124782 -1.98289833164368
6.17800000000002 -1.98041870025645 -1.98446562075338
6.19200000000002 -1.98182397809842 -1.98583799631437
6.20600000000002 -1.9830368223509 -1.98701518934542
6.22000000000002 -1.98405651175866 -1.98799696912048
6.23400000000002 -1.98488231983094 -1.98878314321385
6.24800000000002 -1.98551354639147 -1.98937355753792
6.26200000000002 -1.98594951231523 -1.98976809637338
6.27600000000002 -1.98618956313432 -1.98996668239188
6.29000000000002 -1.9862330752195 -1.98996927667119
6.30400000000002 -1.98607946204295 -1.98977587870285
6.31800000000002 -1.98572818046108 -1.98938652639223
6.33200000000002 -1.98517873695563 -1.98880129605115
6.34600000000002 -1.98443069377141 -1.98802030238287
6.36000000000002 -1.98348367488991 -1.98704369845966
6.37400000000002 -1.98233737177917 -1.98587167569275
6.38800000000002 -1.98099154886215 -1.98450446379487
6.40200000000003 -1.97944604864852 -1.98294233073516
6.41600000000003 -1.97770079647748 -1.9811855826867
6.43000000000003 -1.97575580482288 -1.97923456396649
6.44400000000003 -1.97361117711586 -1.97708965696794
6.45800000000003 -1.97126711104449 -1.97475128208597
6.47200000000003 -1.96872390129502 -1.97221989763457
6.48600000000003 -1.96598194170403 -1.96949599975698
6.50000000000003 -1.96304172679662 -1.96658012232846
6.51400000000003 -1.95990385269142 -1.96347283685167
6.52800000000003 -1.95656901735877 -1.9601747523446
6.54200000000003 -1.95303802022512 -1.95668651522127
6.55600000000003 -1.94931176112203 -1.95300880916497
6.57000000000003 -1.94539123858512 -1.94914235499432
6.58400000000003 -1.94127754751377 -1.94508791052197
6.59800000000003 -1.93697187620882 -1.94084627040605
6.61200000000003 -1.93247550281125 -1.93641826599445
6.62600000000003 -1.92778979117046 -1.93180476516185
6.64000000000003 -1.92291618617628 -1.92700667213964
6.65400000000003 -1.91785620859381 -1.9220249273387
6.66800000000003 -1.91261144944488 -1.91686050716507
6.68200000000003 -1.9071835639844 -1.91151442382856
6.69600000000003 -1.90157426532341 -1.90598772514439
6.71000000000003 -1.8957853177542 -1.90028149432782
6.72400000000003 -1.88981852983544 -1.89439684978181
6.73800000000003 -1.88367574729758 -1.88833494487785
6.75200000000003 -1.8773588458304 -1.88209696772991
6.76600000000003 -1.87086972381538 -1.87568414096153
6.78000000000003 -1.86421029506614 -1.86909772146624
6.79400000000003 -1.85738248175982 -1.86233900016116
6.80800000000003 -1.85038824245283 -1.85540930173404
6.82200000000003 -1.84322951700498 -1.84830998438358
6.83600000000003 -1.8359082188192 -1.84104243955325
6.85000000000003 -1.82842624782841 -1.83360809165859
6.86400000000003 -1.82078548483216 -1.82600839780797
6.87800000000003 -1.8129877863479 -1.81824484751706
6.89200000000003 -1.80503498002149 -1.81031896241687
6.90600000000003 -1.79692886063688 -1.80223229595549
6.92000000000003 -1.78867118676005 -1.79398643309368
6.93400000000003 -1.78026367804647 -1.78558298999415
6.94800000000003 -1.77170801323569 -1.77702361370485
6.96200000000003 -1.76300582885039 -1.76830998183613
6.97600000000003 -1.75415871861082 -1.75944380223194
6.99000000000003 -1.74516823356905 -1.7504268126351
7.00400000000004 -1.73603588296061 -1.74126078034671
7.01800000000004 -1.72676313576448 -1.73194750187975
7.03200000000004 -1.71735142295557 -1.72248880260698
7.04600000000004 -1.70780214042718 -1.71288653640318
7.06000000000004 -1.69811665255458 -1.70314258528179
7.07400000000004 -1.68829629636425 -1.69325885902604
7.08800000000004 -1.67834238626779 -1.68323729481463
7.10200000000004 -1.66825621931335 -1.67307985684206
7.11600000000004 -1.65803908090262 -1.66278853593365
7.13000000000004 -1.64769225091637 -1.65236534915537
7.14400000000004 -1.63721701018737 -1.64181233941845
7.15800000000004 -1.6266146472557 -1.63113157507902
7.17200000000004 -1.61588646533849 -1.62032514953269
7.18600000000004 -1.60503378944356 -1.60939518080428
7.20000000000004 -1.59405797355449 -1.59834381113267
7.21400000000004 -1.58296040781371 -1.58717320655093
7.22800000000004 -1.57174252562975 -1.5758855564618
7.24200000000004 -1.56040581063476 -1.56448307320857
7.25600000000004 -1.54895180341983 -1.55296799164145
7.27000000000004 -1.53738210797705 -1.54134256867955
7.28400000000004 -1.52569839777956 -1.52960908286858
7.29800000000004 -1.5139024214343 -1.51776983393417
7.31200000000004 -1.50199600784538 -1.50582714233123
7.32600000000004 -1.48998107083063 -1.49378334878908
7.34000000000004 -1.47785961313866 -1.48164081385269
7.35400000000004 -1.4656337298193 -1.46940191742003
7.36800000000004 -1.45330561090599 -1.45706905827563
7.38200000000004 -1.44087754337515 -1.44464465362041
7.39600000000004 -1.42835191235429 -1.43213113859789
7.41000000000004 -1.41573120155739 -1.41953096581696
7.42400000000004 -1.40301799293352 -1.40684660487116
7.43800000000004 -1.39021496552176 -1.39408054185461
7.45200000000004 -1.37732489351318 -1.38123527887481
7.46600000000004 -1.36435064352788 -1.36831333356217
7.48000000000004 -1.35129517112247 -1.35531723857661
7.49400000000004 -1.33816151655074 -1.34224954111114
7.50800000000004 -1.32495279980707 -1.32911280239263
7.52200000000004 -1.31167221498899 -1.31590959717982
7.53600000000004 -1.2983230240216 -1.30264251325865
7.55000000000004 -1.28490854979243 -1.28931415093511
7.56400000000004 -1.27143216875087 -1.27592712252554
7.57800000000004 -1.25789730303109 -1.26248405184466
7.59200000000004 -1.24430741216172 -1.24898757369128
7.60600000000005 -1.23066598442913 -1.23544033333192
7.62000000000005 -1.21697652796425 -1.22184498598231
7.63400000000005 -1.20324256162497 -1.20820419628701
7.64800000000005 -1.18946760978389 -1.19452063779714
7.66200000000005 -1.1756552557181 -1.18079699244635
7.67600000000005 -1.16180902175615 -1.1670359500252
7.69000000000005 -1.14793239112856 -1.15324020765396
7.70400000000005 -1.1340288198044 -1.13941246925395
7.71800000000005 -1.12010172812021 -1.12555544501764
7.73200000000005 -1.10615449286169 -1.11167185087742
7.74600000000005 -1.09219043986254 -1.0977644079733
7.76000000000005 -1.07821283718064 -1.08383584211956
7.77400000000005 -1.0642248889071 -1.06988888327052
7.78800000000005 -1.05022972965837 -1.05592626498547
7.80200000000005 -1.03623041979568 -1.04195072389288
7.81600000000005 -1.02222994140977 -1.02796499915409
7.83000000000005 -1.00823119510201 -1.01397183192635
7.84400000000005 -0.994236997585753 -0.999973964825654
7.85800000000005 -0.980250080124471 -0.985974141389141
7.87200000000005 -0.96627308781536 -0.971975105537385
7.88600000000005 -0.952308579719334 -0.957979601036598
7.90000000000005 -0.93835902983042 -0.943990370960859
7.91400000000005 -0.924426828869712 -0.930010157154477
7.92800000000005 -0.910514286881189 -0.916041699694605
7.94200000000005 -0.896623636599196 -0.902087736354187
7.95600000000005 -0.882757037549936 -0.888151002065367
7.97000000000005 -0.868916580842393 -0.874234228383448
7.98400000000005 -0.855104294597427 -0.860340142951523
7.99800000000005 -0.841322149957675 -0.846471468965854
8.01200000000005 -0.827572067615263 -0.832630924642146
8.02600000000005 -0.813855924789344 -0.81882122268278
8.04000000000005 -0.800175562581064 -0.805045069745128
8.05400000000005 -0.786532793629935 -0.791305165911066
8.06800000000005 -0.772929409992591 -0.777604204157759
8.08200000000005 -0.759367191162751 -0.763944869829849
8.09600000000005 -0.745847912149776 -0.750329840113137
8.11000000000005 -0.732373351532627 -0.736761783509861
8.12400000000005 -0.718945299406213 -0.723243359315681
8.13800000000005 -0.705565565138115 -0.709777217098461
8.15200000000005 -0.692235984855474 -0.696365996178967
8.16600000000004 -0.678958428584414 -0.683012325113565
8.18000000000004 -0.665734806967656 -0.669718821179035
8.19400000000004 -0.652567077490054 -0.656488089859592
8.20800000000004 -0.63945725014647 -0.643322724336218
8.22200000000004 -0.626407392491739 -0.63022530497841
8.23600000000004 -0.613419634018394 -0.617198398838432
8.25000000000004 -0.600496169814213 -0.604244559148186
8.26400000000004 -0.587639263458525 -0.59136632481878
8.27800000000004 -0.574851249123424 -0.578566219942917
8.29200000000004 -0.562134532853565 -0.565846753300175
8.30600000000004 -0.549491593005951 -0.553210417865296
8.32000000000004 -0.536924979839025 -0.540659690319573
8.33400000000004 -0.524437314248264 -0.528197030565427
8.34800000000004 -0.512031285653428 -0.515824881244272
8.36200000000004 -0.499709649050402 -0.503545667257769
8.37600000000004 -0.48747522124817 -0.491361795292548
8.39000000000003 -0.475330876318834 -0.479275653348511
8.40400000000003 -0.463279540295569 -0.467289610270787
8.41800000000003 -0.451324185160046 -0.455406015285448
8.43200000000003 -0.439467822166918 -0.443627197539069
8.44600000000003 -0.427713494558597 -0.43195546564222
8.46000000000003 -0.416064269728503 -0.420393107216987
8.47400000000003 -0.404523230216331 -0.408942388448608
8.48800000000003 -0.393093509569577 -0.397605553641305
8.50200000000003 -0.381778235741051 -0.386384824778405
8.51600000000003 -0.370580496316435 -0.375282401086846
8.53000000000003 -0.359503365131181 -0.364300458606128
8.54400000000003 -0.348549892921383 -0.353441149761822
8.55800000000003 -0.337723098064063 -0.342706602943696
8.57200000000003 -0.327025957481061 -0.332098922088562
8.58600000000003 -0.316461397779567 -0.32162018626791
8.60000000000002 -0.306032286700439 -0.311272449280415
8.61400000000002 -0.295741424942839 -0.301057739249399
8.62800000000002 -0.285591538430395 -0.290978058225329
8.64200000000002 -0.275585271080207 -0.281035381793416
8.65600000000002 -0.26572517813145 -0.271231658686413
8.67000000000002 -0.256013720085292 -0.261568810402663
8.68400000000002 -0.246453257302262 -0.252048730829495
8.69800000000002 -0.237046045297317 -0.242673285872031
8.71200000000002 -0.22779423076646 -0.233444313087466
8.72600000000002 -0.218699848372264 -0.224363621324924
8.74000000000002 -0.209764818308801 -0.215432990370917
8.75400000000002 -0.200990944659598 -0.206654170600525
8.76800000000002 -0.192379914555208 -0.198028882634319
8.78200000000002 -0.183933298130045 -0.189558817001126
8.79600000000002 -0.175652549271208 -0.181245633806697
8.81000000000001 -0.16753900714526 -0.173090962408324
8.82400000000001 -0.159593898482414 -0.165096401095496
8.83800000000001 -0.15181834059126 -0.157263516776636
8.85200000000001 -0.144213345071269 -0.149593844671996
8.86600000000001 -0.136779822184693 -0.142088888012756
8.88000000000001 -0.129518585844386 -0.134750117746394
8.89400000000001 -0.122430359169325 -0.12757897224839
8.90800000000001 -0.115515780555487 -0.120576857040303
8.92200000000001 -0.108775410205998 -0.1137451445143
8.93600000000001 -0.102209737061406 -0.107085173664163
8.95000000000001 -0.0958191860682856 -0.10059824982286
8.96400000000001 -0.0896041257224336 -0.0942856444066965
8.97800000000001 -0.0835648758213727 -0.0881485946661255
8.99200000000001 -0.0777017153600508 -0.0821883034432495
9.00600000000001 -0.0720148905031863 -0.0764059389360673
9.02 -0.0665046225679036 -0.0708026344695115
9.034 -0.0611711159509303 -0.0653794882733193
9.048 -0.0560145659357557 -0.0601375632667842
9.062 -0.0510351663167049 -0.0550778868504263
9.076 -0.0462331167788643 -0.0502014507046257
9.09 -0.0416086299750988 -0.0455092105952558
9.104 -0.0371619382441094 -0.0410020861863568
9.118 -0.0328932999163966 -0.0366809608598843
9.132 -0.0288030051582271 -0.0325466815425688
9.146 -0.0248913813071073 -0.0286000585399214
9.16 -0.0211587976558573 -0.0248418653774164
9.174 -0.0176056696460965 -0.0212728386488823
9.188 -0.0142324625800221 -0.0178936778721325
9.202 -0.0110397036566758 -0.0147050453518613
9.216 -0.00802797132753469 -0.0117075660498351
9.23 -0.00519789761625716 -0.00890182746240109
9.24399999999999 -0.00255017360206045 -0.00628837950534034
9.25799999999999 -8.55496092274644E-05 -0.00386773440608601
9.27199999999999 0.00219516530457237 -0.00164036660332834
9.28599999999999 0.00429110456872073 0.000393287345973881
9.29999999999999 0.00620134603256772 0.00223282885215692
9.31399999999999 0.00792491461083489 0.00387789737097455
9.32799999999999 0.009460785637876 0.00532817047426348
9.34199999999999 0.0108078889236936 0.00658336391313818
9.35599999999999 0.0119651135012185 0.00764323167370284
9.36999999999999 0.0129313130511155 0.00850756602526948
9.38399999999999 0.0137053119872254 0.00917619756107213
9.39799999999999 0.0142859121827525 0.00964899523147034
9.41199999999999 0.0146719003143316 0.00992586636963411
9.42599999999999 0.0148620557983344 0.010006756709707
9.43999999999999 0.0148551592909871 0.009891650397441
9.45399999999998 0.0146500017212384 0.00958056999330503
9.46799999999998 0.0142453938227113 0.00907357646806239
9.48199999999998 0.0136401761285739 0.00837076919082091
9.49599999999998 0.0128332293906881 0.00747228590955717
9.50999999999998 0.0118234853820165 0.00637830272411777
9.52399999999998 0.0106099380389365 0.00508903405170513
9.53799999999998 0.00919165489783341 0.00360473258485139
9.55199999999998 0.00756778877815789 0.00192568924189263
9.56599999999998 0.00573758966199234 5.22331099487294E-05
9.57999999999998 0.00370041671815058 -0.00201526861957591
9.59399999999998 0.00145575041687313 -0.00427641072296103
9.60799999999998 -0.000996795320634958 -0.00673075002359291
9.62199999999998 -0.0036574609952813 -0.00937780547882583
9.63599999999998 -0.00652632948478554 -0.0122170582742646
9.64999999999998 -0.00960331414039156 -0.0152479519254506
9.66399999999997 -0.0128881470871543 -0.018469892386931
9.67799999999997 -0.0163803677903469 -0.0218822481686899
9.69199999999997 -0.0200793119512333 -0.0254843504599181
9.70599999999997 -0.0239841007959384 -0.0292754932600979
9.71999999999997 -0.0280936308212663 -0.0332549335173771
9.73399999999997 -0.032406564061196 -0.0374218912742047
9.74799999999997 -0.0369213189372667 -0.0417755498202002
9.76199999999997 -0.0416360617552159 -0.0463150558522258
9.77599999999997 -0.0465486989089779 -0.0510395196416319
9.78999999999997 -0.0516568698515354 -0.0559480152086399
9.80399999999997 -0.0569579408900623 -0.0610395805038326
9.81799999999997 -0.0624489998603228 -0.0663132175967116
9.83199999999997 -0.0681268517324303 -0.0717678928712895
9.84599999999997 -0.0739880151967333 -0.0774025372286744
9.85999999999997 -0.0800287202748857 -0.0832160462966106
9.87399999999997 -0.0862449069970099 -0.0892072806459316
9.88799999999996 -0.0926322251813181 -0.0953750660138848
9.90199999999996 -0.099186035347645 -0.101718193534283
9.91599999999996 -0.105901410791062 -0.108235419974439
9.92999999999996 -0.112773140836151 -0.114925467978833
9.94399999999996 -0.119795735286596 -0.121787026319474
9.95799999999996 -0.126963430078612 -0.128818750152894
9.97199999999996 -0.134270194140333 -0.136019261283731
9.98599999999996 -0.14170973745275 -0.143387148434855
9.99999999999996 -0.149275520301103 -0.150920967523971


3 -0.679207609220569 -0.989992496600445
3.014 -0.708727864888454 -0.991871094495003
3.028 -0.737506633791096 -0.993555288830329
3.042 -0.765480896332504 -0.995044749509725
3.056 -0.792590265048901 -0.996339184603666
3.07 -0.818777185992489 -0.997438340407019
3.084 -0.843987128366208 -0.998342001488762
3.098 -0.868168762086135 -0.999049990734219
3.112 -0.891274123005607 -0.999562169379763
3.126 -0.913258765583309 -0.99987843704002
3.14 -0.934081902816326 -0.99999873172754
3.154 -0.95370653328827 -0.999923029864949
3.168 -0.972099555202322 -0.999651346289571
3.182 -0.989231867279677 -0.999183734250517
3.196 -1.00507845640612 -0.998520285398249
3.21 -1.01961847190407 -0.997661129766618
3.224 -1.0328352862954 -0.996606435747378
3.238 -1.04471654240308 -0.99535641005718
3.252 -1.0552541866182 -0.993911297697057
3.266 -1.06444448813507 -0.992271381904407
3.28 -1.07228804393238 -0.990436984097474
3.294 -1.07878976925404 -0.988408463812356
3.308 -1.08395887332221 -0.986186218632535
3.322 -1.087808819997 -0.983770684110952
3.336 -1.09035727308628 -0.981162333684641
3.34999999999999 -1.09162602600462 -0.978361678581935
3.36399999999999 -1.09164091548527 -0.975369267722268
3.37799999999999 -1.09043171906449 -0.97218568760859
3.39199999999999 -1.08803203608405 -0.96881156221241
3.40599999999999 -1.08447915199715 -0.965247552851505
3.41999999999999 -1.07981388581578 -0.961494358060301
3.43399999999999 -1.07408042060372 -0.95755271345296
3.44799999999999 -1.0673261170004 -0.953423391579208
3.46199999999999 -1.05960130985541 -0.949107201772912
3.47599999999999 -1.05095908816194 -0.944604989993458
3.48999999999999 -1.04145505859959 -0.93991763865994
3.50399999999999 -1.0311470931306 -0.935046066478216
3.51799999999999 -1.02009506123937 -0.929991228260836
3.53199999999999 -1.00836054755946 -0.92475411473991
3.54599999999999 -0.996006555795656 -0.919335752372921
3.55999999999999 -0.983097200017134 -0.913737203141548
3.57399999999999 -0.96969738457043 -0.907959564343518
3.58799999999999 -0.955872474034917 -0.902003968377538
3.60199999999999 -0.941687954816221 -0.895871582521354
3.61599999999999 -0.927209090141968 -0.889563608702959
3.62999999999999 -0.912500570386666 -0.88308128326503
3.64399999999999 -0.897626160805555 -0.876425876722601
3.65799999999999 -0.882648348898167 -0.869598693514046
3.67199999999999 -0.867627993748429 -0.86260107174542
3.68599999999999 -0.852623979796676 -0.855434382928188
3.69999999999999 -0.837692877587581 -0.848100031710414
3.71399999999999 -0.822888614104226 -0.840599455601458
3.72799999999999 -0.808262155340488 -0.832934124690226
3.74199999999999 -0.7938612037795 -0.825105541357036
3.75599999999999 -0.77972991343384 -0.817115239979162
3.76999999999999 -0.765908625061949 -0.808964786630092
3.78399999999999 -0.752433624104297 -0.800655778772593
3.79799999999999 -0.739336923781464 -0.792189844945603
3.81199999999999 -0.726646075664564 -0.78356864444505
3.82599999999999 -0.714384009866547 -0.774793866998635
3.83999999999999 -0.70256890681167 -0.765867232434645
3.85399999999999 -0.691214102320953 -0.756790490344879
3.86799999999999 -0.680328027505259 -0.747565419741727
3.88199999999999 -0.669914184686799 -0.738193828709497
3.89599999999999 -0.65997116027654 -0.728677554050028
3.90999999999999 -0.650492675222094 -0.719018460922691
3.92399999999999 -0.641467673311011 -0.709218442478815
3.93799999999999 -0.632880447271411 -0.699279419490643
3.95199999999999 -0.624710802259156 -0.689203339974863
3.96599999999999 -0.616934255962031 -0.678992178810803
3.97999999999999 -0.609522274190648 -0.668647937353362
3.99399999999999 -0.602442540467148 -0.658172643040751
4.00799999999998 -0.595659257770338 -0.64756834899712
4.02199999999999 -0.589133480253927 -0.636837133630154
4.03599999999999 -0.582823472427073 -0.625981100223711
4.04999999999999 -0.576685092977679 -0.615002376525586
4.06399999999999 -0.570672200132623 -0.603903114330476
4.07799999999999 -0.564737075189122 -0.592685489058239
4.09199999999999 -0.558830860621211 -0.581351699327519
4.10599999999999 -0.552904008968056 -0.569903966524819
4.11999999999999 -0.546906738549315 -0.558344534369121
4.13399999999999 -0.540789491929569 -0.546675668472122
4.14799999999999 -0.534503392971002 -0.534899655894182
4.16199999999999 -0.528000698272587 -0.523018804696067
4.17599999999999 -0.521235238796308 -0.511035443486579
4.18999999999999 -0.51416284752693 -0.498951920966151
4.20399999999999 -0.506741769101846 -0.486770605466515
4.21799999999999 -0.498933047481063 -0.474493884486512
4.23199999999999 -0.49070088790375 -0.462124164224153
4.24599999999999 -0.482012989595433 -0.44966386910501
4.25999999999999 -0.472840845947141 -0.437115441307037
4.27399999999999 -0.463160009182152 -0.424481340281911
4.28799999999999 -0.452950316854748 -0.411764042272987
4.30199999999999 -0.442196077885189 -0.398966039829963
4.31599999999999 -0.430886216222562 -0.386089841320347
4.32999999999999 -0.419014370638026 -0.373137970437827
4.34399999999999 -0.406578949581188 -0.360112965707632
4.35799999999999 -0.393583140477264 -0.347017379988992
4.37199999999999 -0.38003487329755 -0.333853779974785
4.38599999999999 -0.365946738695739 -0.320624745688474
4.39999999999999 -0.351335861462657 -0.307332869978428
4.41399999999999 -0.336223730507101 -0.293980758009734
4.42799999999999 -0.320635987015634 -0.280571026753595
4.44199999999999 -0.304602172874389 -0.267106304474408
4.45599999999999 -0.28815544184651 -0.253589230214634
4.46999999999999 -0.271332236385063 -0.240022453277557
4.48399999999999 -0.254171933318819 -0.226408632708024
4.49799999999999 -0.23671646197314 -0.212750436771285
4.51199999999999 -0.219009898576623 -0.19905054243002
4.52599999999999 -0.201098041052794 -0.185311634819661
4.53999999999999 -0.183027968502185 -0.171536406722118
4.55399999999999 -0.164847589841124 -0.157727558037999
4.56799999999999 -0.146605186177588 -0.14388779525744
4.58199999999999 -0.12834895157016 -0.13001983092964
4.59599999999999 -0.110126536832637 -0.116126383131212
4.61 -0.0919846010137818 -0.102210174933447
4.624 -0.0739683750994757 -0.0882739338686023
4.638 -0.0561212423538065 -0.0743203913953114
4.652 -0.0384843395378252 -0.0603522823632299
4.666 -0.0210961830217147 -0.0463723444770116
4.68 -0.00399232354029327 -0.0323833177597283
4.694 0.0127949669639544 -0.0183879440158331
4.708 0.0292369733084675 -0.00438896629377641
4.722 0.0453087771221511 0.00961087165162342
4.736 0.0609894566581472 0.0236088258969469
4.75 0.076262244473334 0.0376021528879739
4.764 0.0911146415279001 0.051588109977411
4.778 0.105538486720831 0.0655639559624423
4.792 0.119529981349243 0.0795269516219956
4.806 0.133089668455958 0.0934743602536216
4.82 0.146222367505371 0.107403448209878
4.834 0.15893706529721 0.121311485434118
4.848 0.17124676448619 0.135195745995569
4.862 0.183168291517731 0.149053508623608
4.876 0.194722066211079 0.162882057241124
4.89 0.205931835616794 0.176678681496857
4.904 0.216824375141315 0.190440677296621
4.918 0.22742916026339 0.204165347333294
4.932 0.237778012461887 0.217850001615487
4.946 0.247904723229003 0.231491957994769
4.96 0.257844660254293 0.245088542691363
4.974 0.267634360031359 0.258637090818194
4.988 0.27731111125869 0.272134946903202
5.002 0.286912533478038 0.285579465409807
5.016 0.296476155417269 0.29896801125542
5.03 0.306038997479896 0.312297960327917
5.044 0.315637162751 0.325566699999954
5.058 0.325305440770066 0.338771629641031
5.072 0.335076928157029 0.351910161127212
5.086 0.344982669970628 0.364979719348387
5.1 0.355051325430534 0.377977742712984
5.114 0.365308861349764 0.390901683650033
5.128 0.375778276304846 0.403749009108486
5.142 0.386479358221999 0.41651720105368
5.156 0.397428477682176 0.429203756960869
5.17 0.408638418850532 0.441806190305709
5.184 0.420118249521343 0.454322031051609
5.198 0.431873231342141 0.46674882613385
5.21200000000001 0.44390477084581 0.479084139940377
5.22600000000001 0.456210411481272 0.491325554789174
5.24000000000001 0.468783866397112 0.503470671402119
5.25400000000001 0.481615091302724 0.515517109375236
5.26800000000001 0.494690396312929 0.527462507645246
5.28200000000001 0.507992595279036 0.539304524952331
5.29600000000001 0.521501190726073 0.551040840299007
5.31000000000001 0.535192592156549 0.562669153405038
5.32400000000001 0.54904036514907 0.574187185158282
5.33800000000001 0.563015508378877 0.585592678061387
5.35200000000001 0.577086755419717 0.596883396674257
5.36600000000001 0.59122089795494 0.60805712805219
5.38000000000001 0.605383126832447 0.619111682179605
5.39400000000001 0.619537387244651 0.630044892399283
5.40800000000001 0.633646744202153 0.640854615837021
5.42200000000001 0.647673754399138 0.65153873382163
5.43600000000001 0.661580840539695 0.66209515230019
5.45000000000001 0.675330664207187 0.672521802248472
5.46400000000001 0.688886493412778 0.682816640076466
5.47800000000001 0.702212561053124 0.692977648028915
5.49200000000001 0.715274410639517 0.703002834580788
5.50600000000001 0.728039225829551 0.712890234827614
5.52000000000001 0.740476140495332 0.722637910870599
5.53400000000001 0.75255652629681 0.732243952196443
5.54800000000001 0.764254254992031 0.741706476051798
5.56200000000001 0.775545933004842 0.751023627812281
5.57600000000001 0.786411106081451 0.760193581345974
5.59000000000001 0.796832432196703 0.76921453937134
5.60400000000001 0.806795821215246 0.778084733809486
5.61800000000001 0.816290540168251 0.786802426130697
5.63200000000001 0.825309283369046 0.795365907695187
5.64600000000001 0.833848206957251 0.803773500087983
5.66000000000001 0.841906927826851 0.812023555447893
5.67400000000001 0.849488487255429 0.820114456790475
5.68800000000001 0.856599279905934 0.82804461832497
5.70200000000001 0.863248949215378 0.835812485765102
5.71600000000001 0.869450250513438 0.843416536633721
5.73000000000001 0.875218883525132 0.8508552805612
5.74400000000001 0.880573296202533 0.858127259577542
5.75800000000001 0.885534462098494 0.86523104839814
5.77200000000001 0.890125633738133 0.872165254703128
5.78600000000001 0.894372074659471 0.878928519410267
5.80000000000001 0.898300772981413 0.885519516941326
5.81400000000002 0.90194013951373 0.891936955481889
5.82800000000002 0.90531969354904 0.898179577234547
5.84200000000002 0.908469739569888 0.904246158665421
5.85600000000002 0.911421038164886 0.91013551074397
5.87000000000002 0.914204474476018 0.915846479176042
5.88400000000002 0.916850727495165 0.921377944630105
5.89800000000002 0.919389943491907 0.926728822956641
5.91200000000002 0.921851416787758 0.931898065400624
5.92600000000002 0.924263280994971 0.936884658807087
5.94000000000002 0.926652213712524 0.941687625819683
5.95400000000002 0.92904315751916 0.946306025072255
5.96800000000002 0.931459059925331 0.950738951373335
5.98200000000002 0.93392063474448 0.954985535883557
5.99600000000002 0.93644614712146 0.959044946285954
6.01000000000002 0.939051224214248 0.962916386949081
6.02400000000002 0.941748693266945 0.966599099082961
6.03800000000002 0.944548448539851 0.970092360887808
6.05200000000002 0.947457348278734 0.973395487695489
6.06600000000002 0.95047914261295 0.976507832103725
6.08000000000002 0.953614432973504 0.979428784102975
6.09400000000002 0.956860663320175 0.982157771195999
6.10800000000002 0.960212143164109 0.984694258510062
6.12200000000002 0.963660102071588 0.98703774890177
6.13600000000002 0.967192775038453 0.989187783054511
6.15000000000002 0.970795517835672 0.991143939568472
6.16400000000002 0.974450951147056 0.992905835043238
6.17800000000002 0.978139132052626 0.994473124152939
6.19200000000002 0.981837751157889 0.995845499713924
6.20600000000002 0.985522353432285 0.997022692744978
6.22000000000002 0.989166580601442 0.998004472520035
6.23400000000002 0.992742432739351 0.998790646613402
6.24800000000002 0.996220546529801 0.999381060937474
6.26200000000002 0.999570487512869 0.999775599772933
6.27600000000002 1.00276105350327 0.999974185791431
6.29000000000002 1.00576058626384 0.999976780070743
6.30400000000002 1.00853728844056 0.999783382102399
6.31800000000002 1.01105954271537 0.999394029791783
6.33200000000002 1.01329623011105 0.9988087994507
6.34600000000002 1.01521704438731 0.998027805782423
6.36000000000002 1.0167927995009 0.997051201859212
6.37400000000002 1.01799572716285 0.995879179092309
6.38800000000002 1.01879976161366 0.994511967194424
6.40200000000003 1.0191808088516 0.992949834134712
6.41600000000003 1.01911699768843 0.991193086086253
6.43000000000003 1.01858891017109 0.989242067366039
6.44400000000003 1.01757978909453 0.987097160367495
6.45800000000003 1.0160757205393 0.984758785485525
6.47200000000003 1.01406578959575 0.982227401034121
6.48600000000003 1.01154220768249 0.97950350315653
6.50000000000003 1.00850041012847 0.976587625728018
6.51400000000003 1.00493912296349 0.973480340251225
6.52800000000003 1.00086039814809 0.970182255744157
6.54200000000003 0.996269616768915 0.96669401862082
6.55600000000003 0.991175460026831 0.963016312564523
6.57000000000003 0.985589848149387 0.959149858393879
6.58400000000003 0.979527847664395 0.955095413921529
6.59800000000003 0.973007547774336 0.950853773805609
6.61200000000003 0.966049906869244 0.946425769394002
6.62600000000003 0.958678570506002 0.9418122685614
6.64000000000003 0.950919662461715 0.937014175539194
6.65400000000003 0.942801550735412 0.932032430738258
6.66800000000003 0.93435459062312 0.926868010564624
6.68200000000003 0.92561084722386 0.921521927228113
6.69600000000003 0.916603799946026 0.915995228543946
6.71000000000003 0.907368031772659 0.91028899772737
6.72400000000003 0.897938906208394 0.90440435318136
6.73800000000003 0.888352234968473 0.898342448277407
6.75200000000003 0.878643939579664 0.892104471129466
6.76600000000003 0.868849710142847 0.885691644361089
6.78000000000003 0.859004664556382 0.879105224865793
6.79400000000003 0.849143011517407 0.872346503560714
6.80800000000003 0.839297720604401 0.86541680513359
6.82200000000003 0.82950020269852 0.85831748778313
6.83600000000003 0.819780003923553 0.851049942952807
6.85000000000003 0.810164516175176 0.843615595058142
6.86400000000003 0.800678707170395 0.836015901207522
6.87800000000003 0.791344872778592 0.828252350916614
6.89200000000003 0.782182414197909 0.820326465816421
6.90600000000003 0.773207642316381 0.812239799355049
6.92000000000003 0.764433611348277 0.803993936493237
6.93400000000003 0.755869983564696 0.795590493393708
6.94800000000003 0.747522926646096 0.787031117104407
6.96200000000003 0.739395044875698 0.778317485235687
6.97600000000003 0.73148534506965 0.769451305631498
6.99000000000003 0.723789237805345 0.760434316034659
7.00400000000004 0.716298574166679 0.751268283746265
7.01800000000004 0.709001717877647 0.741955005279301
7.03200000000004 0.701883652346798 0.732496306006532
7.04600000000004 0.694926121798294 0.722894039802735
7.06000000000004 0.688107805324047 0.713150088681347
7.07400000000004 0.681404522359038 0.703266362425594
7.08800000000004 0.674789467761993 0.69324479821418
7.10200000000004 0.668233474379195 0.68308736024161
7.11600000000004 0.66170530068373 0.672796039333208
7.13000000000004 0.655171940818716 0.662372852554927
7.14400000000004 0.648598954133989 0.651819842818008
7.15800000000004 0.641950811093872 0.641139078478576
7.17200000000004 0.63519125225129 0.630332652932248
7.18600000000004 0.628283656832814 0.619402684203837
7.20000000000004 0.621191417361831 0.608351314532224
7.21400000000004 0.613878316664426 0.597180709950485
7.22800000000004 0.606308903555859 0.585893059861358
7.24200000000004 0.598448863495314 0.574490576608125
7.25600000000004 0.590265380523429 0.562975495041
7.27000000000004 0.581727486860781 0.551350072079108
7.28400000000004 0.572806396645809 0.539616586268132
7.29800000000004 0.563475820426628 0.527777337333729
7.31200000000004 0.553712257191929 0.515834645730789
7.32600000000004 0.543495260929963 0.503790852188633
7.34000000000004 0.532807678939771 0.49164831725224
7.35400000000004 0.521635859383137 0.479409420819585
7.36800000000004 0.509969825856716 0.46707656167519
7.38200000000004 0.497803417078663 0.454652157019963
7.39600000000004 0.485134390119863 0.442138641997445
7.41000000000004 0.471964485963224 0.429538469216519
7.42400000000004 0.458299456542065 0.416854108270713
7.43800000000004 0.444149052786675 0.404088045254167
7.45200000000004 0.429526973593043 0.391242782274363
7.46600000000004 0.414450776015534 0.378320836961723
7.48000000000004 0.398941747372213 0.365324741976162
7.49400000000004 0.38302474033352 0.352257044510693
7.50800000000004 0.366727972438322 0.339120305792184
7.52200000000004 0.350082791842103 0.32591710057937
7.53600000000004 0.333123411446609 0.312650016658205
7.55000000000004 0.315886613884928 0.299321654334665
7.56400000000004 0.298411430137536 0.285934625925097
7.57800000000004 0.280738794829993 0.272491555244215
7.59200000000004 0.262911181508883 0.258995077090835
7.60600000000005 0.244972221406626 0.24544783673147
7.62000000000005 0.226966309385583 0.23185248938186
7.63400000000005 0.208938200895506 0.218211699686564
7.64800000000005 0.190932603884186 0.204528141196693
7.66200000000005 0.172993769667887 0.190804495845906
7.67600000000005 0.155165086794962 0.177043453424758
7.69000000000005 0.137488681922468 0.16324771105351
7.70400000000005 0.12000503167161 0.149419972653503
7.71800000000005 0.102752589333742 0.135562948417195
7.73200000000005 0.085767430165299 0.121679354276977
7.74600000000005 0.0690829188385293 0.107771911372855
7.76000000000005 0.0527294024068542 0.0938433455191146
7.77400000000005 0.0367339319010266 0.0798963866700746
7.78800000000005 0.0211200153973254 0.0659337683850206
7.80200000000005 0.00590740509444736 0.0519582272924377
7.81600000000005 -0.00888807939549428 0.03797250255364
7.83000000000005 -0.0232546896911058 0.0239793353259036
7.84400000000005 -0.0371848477447919 0.00998146822520874
7.85800000000005 -0.0506752043193303 -0.0040183552113045
7.87200000000005 -0.0637266561554895 -0.0180173910630603
7.88600000000005 -0.0763443215594491 -0.0320128955638471
7.90000000000005 -0.0885374745540381 -0.0460021256395866
7.91400000000005 -0.100319438152887 -0.059982339445968
7.92800000000005 -0.111707437727254 -0.0739507969058401
7.94200000000005 -0.122722415837342 -0.0879047602462583
7.95600000000005 -0.133388810289195 -0.101841494535079
7.97000000000005 -0.14373429755074 -0.115758268216997
7.98400000000005 -0.153789504012375 -0.129652353648923
7.99800000000005 -0.163587687904962 -0.143521027634591
8.01200000000005 -0.173164394987742 -0.157361571958299
8.02600000000005 -0.18255709138746 -0.171171273917666
8.04000000000005 -0.191804777204838 -0.184947426855317
8.05400000000005 -0.200947584703125 -0.198687330689379
8.06800000000005 -0.210026365053524 -0.212388292442687
8.08200000000005 -0.219082267732082 -0.226047626770597
8.09600000000005 -0.228156316740875 -0.239662656487309
8.11000000000005 -0.237288987861955 -0.253230713090584
8.12400000000005 -0.246519791145276 -0.266749137284765
8.13800000000005 -0.255886862781435 -0.280215279501984
8.15200000000005 -0.265426570417166 -0.293626500421479
8.16600000000004 -0.27517313583688 -0.30698017148688
8.18000000000004 -0.285158278758538 -0.32027367542141
8.19400000000004 -0.295410885278456 -0.333504406740853
8.20800000000004 -0.305956704249577 -0.346669772264227
8.22200000000004 -0.316818074593745 -0.359767191622035
8.23600000000004 -0.328013686233575 -0.372794097762013
8.25000000000004 -0.339558376986978 -0.385747937452259
8.26400000000004 -0.351462967400738 -0.398626171781665
8.27800000000004 -0.363734135112707 -0.411426276657528
8.29200000000004 -0.376374329929278 -0.424145743300271
8.30600000000004 -0.389381730389989 -0.43678207873515
8.32000000000004 -0.402750242168989 -0.449332806280872
8.33400000000004 -0.416469538237972 -0.461795466035018
8.34800000000004 -0.430525140291812 -0.474167615356173
8.36200000000004 -0.444898540520853 -0.486446829342677
8.37600000000004 -0.459567362407286 -0.498630701307898
8.39000000000003 -0.474505558831479 -0.510716843251935
8.40400000000003 -0.489683645401875 -0.522702886329659
8.41800000000003 -0.505068966573018 -0.534586481314998
8.43200000000003 -0.520625991794204 -0.546365299061377
8.44600000000003 -0.536316638639607 -0.558037030958226
8.46000000000003 -0.552100619612581 -0.569599389383458
8.47400000000003 -0.567935809094899 -0.581050108151837
8.48800000000003 -0.583778626728284 -0.592386942959141
8.50200000000003 -0.599584433372512 -0.60360767182204
8.51600000000003 -0.615307935683065 -0.6147100955136
8.53000000000003 -0.63090359529264 -0.625692037994317
8.54400000000003 -0.646326038565228 -0.636551346838624
8.55800000000003 -0.661530462918787 -0.64728589365675
8.57200000000003 -0.676473035782261 -0.657893574511883
8.58600000000003 -0.691111282363612 -0.668372310332535
8.60000000000002 -0.705404458556136 -0.678720047320031
8.61400000000002 -0.719313905498584 -0.688934757351046
8.62800000000002 -0.732803382527942 -0.699014438375117
8.64200000000002 -0.745839375519313 -0.708957114807029
8.65600000000002 -0.758391377891933 -0.718760837914032
8.67000000000002 -0.770432141870256 -0.728423686197783
8.68400000000002 -0.781937897920517 -0.73794376577095
8.69800000000002 -0.792888540631985 -0.747319210728415
8.71200000000002 -0.803267779674058 -0.756548183512979
8.72600000000002 -0.813063254831011 -0.765628875275522
8.74000000000002 -0.822266614491041 -0.774559506229528
8.75400000000002 -0.830873557340921 -0.78333832599992
8.76800000000002 -0.838883837387539 -0.791963613966127
8.78200000000002 -0.846301232788661 -0.800433679599319
8.79600000000002 -0.853133479323224 -0.808746862793748
8.81000000000001 -0.859392169662534 -0.816901534192122
8.82400000000001 -0.86509261991419 -0.82489609550495
8.83800000000001 -0.870253705197256 -0.83272897982381
8.85200000000001 -0.874897666267082 -0.840398651928449
8.86600000000001 -0.879049889438907 -0.84790360858769
8.88000000000001 -0.882738662258779 -0.855242378854051
8.89400000000001 -0.885994907536883 -0.862413524352056
8.90800000000001 -0.888851898490982 -0.869415639560142
8.92200000000001 -0.891344957845653 -0.876247352086146
8.93600000000001 -0.893511143796372 -0.882907322936282
8.95000000000001 -0.895388925776462 -0.889394246777585
8.96400000000001 -0.897017852960487 -0.895706852193749
8.97800000000001 -0.898438218401012 -0.90184390193432
8.99200000000001 -0.899690721628594 -0.907804193157196
9.00600000000001 -0.900816132449468 -0.913586557664378
9.02 -0.901854958554149 -0.919189862130934
9.034 -0.90284711940587 -0.924613008327126
9.048 -0.903831628713417 -0.929854933333661
9.062 -0.904846287611775 -0.934914609750019
9.076 -0.905927390479417 -0.93979104589582
9.09 -0.907109445116473 -0.94448328600519
9.104 -0.908424908797022 -0.948990410414089
9.118 -0.909903941494556 -0.953311535740561
9.132 -0.911574177365974 -0.957445815057877
9.146 -0.91346051536907 -0.961392438060524
9.16 -0.915584929684798 -0.965150631223029
9.174 -0.91796630042102 -0.968719657951563
9.188 -0.920620264891731 -0.972098818728313
9.202 -0.923559089596782 -0.975287451248584
9.216 -0.926791562873911 -0.97828493055061
9.23 -0.930322908058623 -0.981090669138044
9.24399999999999 -0.934154716869261 -0.983704117095105
9.25799999999999 -0.938284902635016 -0.986124762194359
9.27199999999999 -0.94270767290385 -0.988352129997117
9.28599999999999 -0.947413520905072 -0.990385783946419
9.29999999999999 -0.952389235297093 -0.992225325452602
9.31399999999999 -0.95761792760368 -0.99387039397142
9.32799999999999 -0.963079076730501 -0.995320667074709
9.34199999999999 -0.968748589956392 -0.996575860513584
9.35599999999999 -0.974598879808621 -0.997635728274148
9.36999999999999 -0.980598956256487 -0.998500062625715
9.38399999999999 -0.986714533690539 -0.999168694161518
9.39799999999999 -0.992908152193247 -0.999641491831916
9.41199999999999 -0.999139312648661 -0.99991836297008
9.42599999999999 -1.00536462528092 -0.999999253310152
9.43999999999999 -1.01153797125222 -0.999884146997886
9.45399999999998 -1.01761067698744 -0.99957306659375
9.46799999999998 -1.02353170092322 -0.999066073068508
9.48199999999998 -1.02924783240155 -0.998363265791266
9.49599999999998 -1.03470390244039 -0.997464782510003
9.50999999999998 -1.0398430061148 -0.996370799324563
9.52399999999998 -1.04460673627074 -0.995081530652151
9.53799999999998 -1.04893542826832 -0.993597229185297
9.55199999999998 -1.05276841541251 -0.991918185842338
9.56599999999998 -1.0560442946761 -0.990044729710394
9.57999999999998 -1.05870120225237 -0.98797722798087
9.59399999999998 -1.06067709839443 -0.985716085877484
9.60799999999998 -1.06191006090466 -0.983261746576853
9.62199999999998 -1.06233858653348 -0.98061469112162
9.63599999999998 -1.06190189943152 -0.977775438326181
9.64999999999998 -1.06054026567731 -0.974744544674995
9.66399999999997 -1.05819531277352 -0.971522604213514
9.67799999999997 -1.05481035287267 -0.968110248431756
9.69199999999997 -1.05033070835931 -0.964508146140527
9.70599999999997 -1.04470403828348 -0.960717003340347
9.71999999999997 -1.03788066401129 -0.956737563083068
9.73399999999997 -1.02981389233676 -0.952570605326241
9.74799999999997 -1.02046033418579 -0.948216946780245
9.76199999999997 -1.0097802169426 -0.94367744074822
9.77599999999997 -0.997737688341444 -0.938952976958814
9.78999999999997 -0.98430110979705 -0.934044481391806
9.80399999999997 -0.969443336994968 -0.928952916096613
9.81799999999997 -0.953141985532791 -0.923679279003734
9.83199999999997 -0.935379679394253 -0.918224603729156
9.84599999999997 -0.916144280053332 -0.912589959371771
9.85999999999997 -0.895429094044978 -0.906776450303835
9.87399999999997 -0.873233056903847 -0.900785215954514
9.88799999999996 -0.849560891462601 -0.894617430586561
9.90199999999996 -0.824423238617026 -0.888274303066162
9.91599999999996 -0.797836758805758 -0.881757076626007
9.92999999999996 -0.76982420261711 -0.875067028621612
9.94399999999996 -0.74041444912317 -0.868205470280971
9.95799999999996 -0.709642510750354 -0.861173746447552
9.97199999999996 -0.677549503724228 -0.853973235316715
9.98599999999996 -0.644182583372438 -0.846605348165591
9.99999999999996 -0.609594843830554 -0.839071529076475


3 0.141120008059867
3.36842105263158 -0.224888300823007
3.73684210526316 -0.560715320086284
4.10526315789474 -0.821291152837247
4.47368421052632 -0.971645039604001
4.84210526315789 -0.991598633245619
5.21052631578947 -0.878474047956369
5.57894736842105 -0.647453246778422
5.94736842105263 -0.329540535773882
6.31578947368421 0.0325983902680353
6.68421052631579 0.390362426846109
7.05263157894737 0.695737604518962
7.42105263157895 0.907740836810993
7.78947368421053 0.997920083617489
8.15789473684211 0.954172776883183
8.52631578947369 0.782370054100748
8.89473684210526 0.505568818251602
9.26315789473684 0.160917370228466
9.63157894736842 -0.20533010452401
10 -0.54402111088937
