0.0000000000000000 1.0000000000000000
0.0728488755442016 0.9636336757097080
0.1433759447426080 0.9286552949629840
0.2131196885159030 0.8944558771745380
0.2827247756752730 0.8608748554042510
0.3525154593728940 0.8279170149274440
0.4227024093622140 0.7956510573706960
0.4934611618213730 0.7641728760351090
0.5649641135598290 0.7335928720722120
0.6373960470651650 0.7040324790943580
0.7109646868603210 0.6756244866278010
0.7859111921699260 0.6485153218271690
0.8625234300347020 0.6228688904314910
0.9407953973414220 0.5989764078579050
1.0183493852172600 0.5777463638989290
1.0944808900482900 0.5593936109065460
1.1691358307147600 0.5438925985972060
1.2424763695533200 0.5311543067462860
1.3147169071921900 0.5210859231219020
1.3860688401043800 0.5136074510502250
1.4567258156069700 0.5086541464648080
1.5268628958551000 0.5061750137934610
1.5966398606491800 0.5061306788803010
1.6662053092749900 0.5084915743324980
1.7357005776204400 0.5132366151177510
1.8052633074924400 0.5203523363559170
1.8750307710567900 0.5298324344718240
1.9451431335609400 0.5416776723325870
2.0157468685310500 0.5558961413214700
2.0869985734479600 0.5725039107984370
2.1590694953388000 0.5915261409300970
2.2321511865000400 0.6129987969351380
2.3064629035187800 0.6369711965862330
2.3822616983438800 0.6635097759677230
2.4598567476724000 0.6927037245303340
2.5383229631696900 0.7241346219293150
2.6158253995408400 0.7568783192872860
2.6918802602043200 0.7904639656351050
2.7665105511945700 0.8246343708556350
2.8398994002651400 0.8592262962288190
2.9122624157858600 0.8941164299861940
2.9838063255578400 0.9291982074030640
3.0547191574392200 0.9643720485148570
3.1251709679547500 0.9995411654650390
3.1953175235668900 1.0346095969746500
3.2659022553374300 1.0697779888764700
3.3372858848585800 1.1050482467285000
3.4096842987061700 1.1403359968211400
3.4832662217605300 1.1755159522258100
3.5581922019860200 1.2104380668472100
3.6346323586214800 1.2449323778260000
3.7127771213566500 1.2788092112789000
3.7928467674090800 1.3118571360802700
3.8751026877902800 1.3438393296320500
3.9598627265475500 1.3744882151170600
4.0437281994074800 1.4023013019405100
4.1254883999065200 1.4268282958323900
4.2050349390208000 1.4480860870961100
4.2826150924351100 1.4662173880576800
4.3585495790500100 1.4813739176610400
4.4331416860439900 1.4936848692155200
4.5066562040415000 1.5032532273988200
4.5793208846849400 1.5101594600971500
4.6513335830016300 1.5144661101578200
4.7228696963987300 1.5162216000162200
4.7940885331780200 1.5154630339684600
4.8651385328700800 1.5122181517203200
4.9361616042065200 1.5065066235493700
5.0072968929102900 1.4983408320774300
5.0786842653323400 1.4877262308442500
5.1504677685484100 1.4746613212495000
5.2227993259466800 1.4591372457481600
5.2958429596648800 1.4411369503221400
5.3697799091950400 1.4206338145695900
5.4448151610857900 1.3975895706210200
5.5211861610961700 1.3719512114717700
5.5991749327162400 1.3436463863414700
5.6791256489016000 1.3125764176892000
5.7614712722295600 1.2786053851707400
5.8455804053179500 1.2420738206252400
5.9285841418615100 1.2044504222368500
6.0095785518409800 1.1664751588339200
6.0884345064406200 1.1285376466778200
6.1652876045925200 1.0908694074958900
6.2403433246728500 1.0536306175624300
6.3138098164508300 1.0169470967085200
6.3858786289256200 0.9809257433458610
6.4570641037893100 0.9454915068577730
6.5279477140038800 0.9105267071897070
6.5988336522228600 0.8760518778586830
6.6699247810041300 0.8421414815557180
6.7413900882457900 0.8088928751180230
6.8133923286348100 0.7764153987257000
6.8861012477824800 0.7448272459964900
6.9597021255625800 0.7142555198608330
7.0344036714037700 0.6848378481015800
7.1104473763138600 0.6567251180251550
7.1881200724935300 0.6300854395633490
7.2677719970677300 0.6051098352632960
7.3472731429915000 0.5827015956337630
7.4254572686386500 0.5632558387891450
7.5021105247531400 0.5467995176500630
7.5773547013685900 0.5332509474350970
7.6514057218723600 0.5225114638343870
7.7244888077536500 0.5144928925935870
7.7968134058809600 0.5091231540661950
7.8685692409273300 0.5063453893321550
7.9399290340483400 0.5061157361699150
8.0110528177184200 0.5084012758026570
8.0820922627485300 0.5131784953527740
8.1531946694166700 0.5204322728886160
8.2245066869578400 0.5301553252619820
8.2961779552465200 0.5423480728669040
8.3683649107767400 0.5570189111623570
8.4412350424985100 0.5741849224761520
8.5149719568703400 0.5938731153392830
8.5897817441591500 0.6161223524216440
8.6659013711949000 0.6409862408500620
8.7436102364054100 0.6685374451631470
8.8232467651192100 0.6988742122216440
8.9033414575835500 0.7313415177313110
8.9822984371514200 0.7650681333387130
9.0597417291248300 0.7996068591045840
9.1357417747195300 0.8347082288093610
9.2105038329570700 0.8702091414966000
9.2842554894926700 0.9059829914919180
9.3572115357403500 0.9419183573126360
9.4295667112914700 0.9779100222849650
9.5014975305082700 1.0138550783611600
9.5734134626043800 1.0497741528113300
9.6459413241480000 1.0857953620461800
9.7193981535268600 1.1218804398296100
9.7939920803875300 1.1579197939371100
9.8698992661150000 1.1937672999620100
9.9472957663570400 1.2292522152248300
10.0263734291105000 1.2641820840358700
10.1073511275957000 1.2983417547514900
10.1904862585867000 1.3314902300324800
10.2760894900665000 1.3633556394377500
10.3622646827901000 1.3928830422751100
10.4466852411244000 1.4191226811207200
10.5288356115757000 1.4419298597012800
10.6088517306642000 1.4614147839252300
10.6870477908015000 1.4777365899745600
10.7637509170513000 1.4910403016863600
10.8392543538968000 1.5014437359360900
10.9138113798152000 1.5090392027202900
10.9876411150806000 1.5138982525957500
11.0609364673142000 1.5160760751764900
11.1338713776899000 1.5156148520113300
11.2066068581308000 1.5125461228096500
11.2792960009364000 1.5068923656822900
11.3520882923917000 1.4986679648802600
11.4251335594735000 1.4878796797687700
11.4985858548508000 1.4745266710519300
11.5726075827821000 1.4586000877546000
11.6473742043125000 1.4400821650092200
11.7230799500111000 1.4189447180768600
11.7999451395586000 1.3951468268925900
11.8782260130577000 1.3686313618989200
11.9582285256513000 1.3393197575846400
12.0403285664005000 1.3071039966230800
12.1250030210282000 1.2718339096966200
12.2109344372379000 1.2341687464860700
12.2955145279782000 1.1955168596497000
12.3779628243380000 1.1565900156393200
12.4582061866864000 1.1177678191206300
12.5364068445107000 1.0792801722469000
12.6127846530151000 1.0412890151088600
12.6875571005140000 1.0039230517830300
12.7609230631232000 0.9672922404673900
12.8336638481224000 0.9311965577137310
12.9062356614271000 0.8955930027943740
12.9789032454491000 0.8605356716905380
13.0518628276086000 0.8261177037144670
13.1252904846278000 0.7924501760274770
13.1993631636943000 0.7596551190447090
13.2742701151971000 0.7278641120831280
13.3502217461203000 0.6972193282378750
13.4274590766166000 0.6678760075771530
13.5062658792519000 0.6400062320340220
13.5869857729574000 0.6138043796040930
13.6686452944563000 0.5898823009491030
13.7492635553843000 0.5689686919358810
13.8283248785994000 0.5511979949341100
13.9058627710100000 0.5365109299509330
13.9820829887136000 0.5248044919795460
14.0572252210069000 0.5159800998585210
14.1315187606265000 0.5099555813934260
14.2051724040857000 0.5066658092225940
14.2783757092952000 0.5060605161706930
14.3513033838751000 0.5081019396578430
14.4241201022614000 0.5127629764306290
14.4969850429209000 0.5200259341351750
14.5700561190687000 0.5298818257606340
14.6434940974113000 0.5423301518264200
14.7174668782575000 0.5573791532487900
14.7921542673445000 0.5750465688872300
14.8677536576743000 0.5953609954666690
14.9444871969450000 0.6183640353458520
15.0226112955455000 0.6441135524814520
15.1024298286972000 0.6726885825716990
15.1843133014168000 0.7041968474524310
15.2663222594561000 0.7377732933967500
15.3470375701476000 0.7725780117580670
15.4261683267226000 0.8081760660265120
15.5038266453136000 0.8443199342905190
15.5802403382589000 0.8808434842129770
15.6556512655342000 0.9176147564451300
15.7302849364441000 0.9545158466656230
15.8043453677405000 0.9914344179390780
15.8780179430142000 1.0282599739464900
15.9519877774536000 1.0651372400404100
16.0267526296400000 1.1021111102356600
16.1025907350983000 1.1391011488705700
16.1797064530867000 1.1759695810508000
16.2582875926436000 1.2125457434780500
16.3385307731448000 1.2486337510198800
16.4206560466606000 1.2840133337028700
16.5049193729256000 1.3184374184546300
16.5916272205163000 1.3516274719383300
16.6805160926541000 1.3830501389843200
16.7680271460730000 1.4111796516980500
16.8531833646069000 1.4356791001383100
16.9359986362484000 1.4566211864682400
17.0167858006975000 1.4741756120872200
17.0959041935260000 1.4885075368409900
17.1736830416903000 1.4997531406550800
17.2504070813052000 1.5080191063114100
17.3263212475988000 1.5133877200251900
17.4016395159650000 1.5159220927012700
17.4765533660636000 1.5156702356355200
17.5512388939732000 1.5126679526568800
17.6258626861413000 1.5069407742616900
17.7005868302149000 1.4985051487511400
17.7755734562926000 1.4873690359267200
17.8509891765399000 1.4735319776830800
17.9270097867790000 1.4569846547492300
18.0038256357175000 1.4377078730147300
18.0816481768953000 1.4156708435056700
18.1607184306399000 1.3908285073948000
18.2413184684301000 1.3631174776198400
18.3237877330674000 1.3324498571692600
18.4085473288253000 1.2987036165707000
18.4961380426907000 1.2617070673691000
18.5841429183944000 1.2226382901337100
18.6704278083477000 1.1827706852731700
18.7544229745597000 1.1427524490735300
18.8361437952362000 1.1029378681791600
18.9157902435960000 1.0635489428417300
18.9935999124478000 1.0247468755144900
19.0698004974582000 0.9866622594667220
19.1448500279220000 0.9492828722736750
19.2194867927995000 0.9124422940472990
19.2940875781599000 0.8761530496503150
19.3688968035503000 0.8404973978593290
19.4441141068778000 0.8055870959582280
19.5199301712668000 0.7715492223735580
19.5965438418168000 0.7385221025700190
19.6741732161607000 0.7066554023580960
19.7530660191318000 0.6761123042096370
19.8335121361161000 0.6470732406935540
19.9158608609509000 0.6197414165500360
19.9999700618394000 0.5945140185040450
20.0832201108474000 0.5723915696816120
20.1648609640567000 0.5535945259185010
20.2448642865975000 0.5380785187300080
20.3234362810861000 0.5257338152382640
20.4008355760672000 0.5164509704268330
20.4773134713465000 0.5101380064306250
20.5530992373413000 0.5067221107968060
20.6284005595439000 0.5061473294372140
20.7034082921091000 0.5083718609880290
20.7783019230912000 0.5133659046432430
20.8532547759750000 0.5211102034486790
20.9284388740665000 0.5315952276914760
21.0040296895783000 0.5448209346641690
21.0802111061015000 0.5607970865576720
21.1571810002956000 0.5795441719171890
21.2351579664517000 0.6010950573502380
21.3143899190871000 0.6254976107743830
21.3951656893648000 0.6528187180233930
21.4778314238606000 0.6831504247542370
21.5626890556483000 0.7165683436152180
21.6468064908661000 0.7517449313480380
21.7293148613053000 0.7879944011973500
21.8101517687521000 0.8249509123480070
21.8895199926391000 0.8623928276578290
21.9676836426332000 0.9001600657343110
22.0449007562037000 0.9381179909106490
22.1214063171414000 0.9761421528724140
22.1974122671746000 1.0141117959287700
22.2733780388179000 1.0520392344088200
22.3500188127285000 1.0900634660087300
22.4276993153764000 1.1281340645200800
22.5066619120524000 1.1661182689658200
22.5871143970121000 1.2038400176689500
22.6692669729023000 1.2410930340462700
22.7533515301576000 1.2776435653843300
22.8396362643793000 1.3132284769412600
22.9284416435826000 1.3475505023337200
23.0201618896025000 1.3802707130680300
23.1106231195191000 1.4095682891082600
23.1986154289713000 1.4350104596111900
23.2841074228285000 1.4566599316252700
23.3674295023654000 1.4747003685808400
23.4489728165901000 1.4893134280507300
23.5290972173717000 1.5006487661444900
23.6081134378067000 1.5088229726915900
23.6862880563003000 1.5139253261481800
23.7638534675202000 1.5160237415048900
23.8410174788703000 1.5151693908634100
23.9179713778921000 1.5113999496108100
23.9948966060871000 1.5047417327872100
24.0719704841250000 1.4952109706046400
24.1493714586195000 1.4828143869632100
24.2272843181204000 1.4675491573806900
24.3059058345771000 1.4494022409190800
24.3854513598128000 1.4283489942114200
24.4661630773993000 1.4043508656914700
24.5483209375759000 1.3773518039521900
24.6322579057529000 1.3472727402513100
24.7183822851919000 1.3140030097509700
24.8072120908007000 1.2773866138383500
24.8982963987496000 1.2377058743685600
24.9881647337354000 1.1967466788447000
25.0757254735228000 1.1554206138778500
25.1608305565269000 1.1142077543373600
25.2436516461738000 1.0733911538910200
25.3244421558092000 1.0331646049935800
25.4034563446066000 0.9936789149473170
25.4810500105885000 0.9550001777845800
25.5581128866722000 0.9169079900279930
25.6350878665247000 0.8794014800397420
25.7122538142114000 0.8425650680997210
25.7898331783104000 0.8065189473866110
25.8680357444265000 0.7714015238240340
25.9470792683776000 0.7373642496591030
26.0272025922752000 0.7045715638413130
26.1086777649918000 0.6732033748055180
26.1918246965659000 0.6434594397341890
26.2770315112679000 0.6155659383590640
26.3637276993784000 0.5900773411371360
26.4494036881501000 0.5679388343226430
26.5333788351222000 0.5493377256604700
26.6156677331597000 0.5342111753750340
26.6965049924672000 0.5224391884536220
26.7761700039757000 0.5139065723085810
26.8549308799449000 0.5085182137368130
26.9330317956063000 0.5061998293734800
27.0106946645755000 0.5068951987333000
27.0881247428636000 0.5105632556679930
27.1655167899978000 0.5171758830710870
27.2430609442755000 0.5267165081047340
27.3209483349276000 0.5391794315047770
27.3993767459282000 0.5545698383476370
27.4785567747826000 0.5729045038604000
27.5587190569999000 0.5942132984909820
27.6401233387436000 0.6185417203128520
27.7230705638645000 0.6459548718408180
27.8079198466515000 0.6765436175942150
27.8951135358671000 0.7104342435048040
27.9822058874079000 0.7465200079518170
28.0677926845677000 0.7838964499737550
28.1516334930710000 0.8220896387753400
28.2338933045944000 0.8608249930772590
28.3148462456244000 0.8999140237809860
28.3947734209850000 0.9392038689862080
28.4739342690828000 0.9785558140297620
28.5525634152547000 1.0178362052968300
28.6312221597411000 1.0570850235861800
28.7106415856069000 1.0964244752550500
28.7912037061651000 1.1357850198993000
28.8731701661239000 1.1750119940344100
28.9567710485146000 1.2139042281401500
29.0422432103364000 1.2522265695112500
29.1298514494964000 1.2897118316687900
29.2199058897466000 1.3260577589149900
29.3127822040158000 1.3609206028996300
29.4071587096591000 1.3933214388292800
29.4997207369893000 1.4218682215429400
29.5896673478464000 1.4463158136886800
29.6771244368687000 1.4667903366859500
29.7624767384885000 1.4834913169965600
29.8461329230808000 1.4966006019711000
29.9284592969114000 1.5062637709852300
30.0097712086589000 1.5125926498830600
30.0903410870187000 1.5156719377965300
30.1704093827178000 1.5155651732985800
30.2501945323310000 1.5123191348558300
30.3299013258433000 1.5059668064934800
30.4097280112734000 1.4965292042305900
30.4898726774188000 1.4840162938917900
30.5705394719715000 1.4684271245312100
30.6519452258113000 1.4497491951985700
30.7343271374620000 1.4279569614594500
30.8179523755574000 1.4030092495145800
30.9031308601784000 1.3748451404463400
30.9902332434161000 1.3433775421156600
31.0797175634743000 1.3084830320483200
31.1721709660883000 1.2699852950488100
31.2663956104446000 1.2285213319682000
31.3591083317098000 1.1858728811845800
31.4493271409428000 1.1429520133720000
31.5369660844379000 1.1002439549615900
31.6222344440166000 1.0580392151404900
31.7054110714468000 1.0165396546353200
31.7867696159619000 0.9759038684797070
31.8670474599497000 0.9360248753885300
31.9469780981909000 0.8967836211840210
32.0269604687835000 0.8582283068042190
32.1072727070656000 0.8204739222013050
32.1881555254248000 0.7836655863571210
32.2698480707957000 0.7479662736297350
32.3526071720039000 0.7135542335050210
32.4367222457134000 0.6806247392551540
32.5225316201643000 0.6493944825917320
32.6104444018012000 0.6201085694426480
32.7006424378611000 0.5931439343887720
32.7899570936238000 0.5697304624357470
32.8774764412645000 0.5501390426237000
32.9631657073184000 0.5343152383283440
33.0472734230490000 0.5221265717024900
33.1301097856124000 0.5134430012438020
33.2119750148841000 0.5081571879803490
33.2931426315102000 0.5061859175044670
33.3738609384468000 0.5074669123706520
33.4543595456819000 0.5119554006050380
33.5348566793553000 0.5196215344775520
33.6155662162525000 0.5304487922117380
33.6967044828866000 0.5444332883857440
33.7784972377202000 0.5615839412790710
33.8611874391285000 0.5819235379370230
33.9450446036752000 0.6054908682530830
34.0303769050586000 0.6323442867931090
34.1175478033773000 0.6625673625282490
34.2070002063994000 0.6962778128706350
34.2979251430697000 0.7330702322189070
34.3877076357308000 0.7716089273914460
34.4756685477949000 0.8111983059296220
34.5618565418894000 0.8514569285586700
34.6465444513256000 0.8921429476991750
34.7300460115099000 0.9330729831237580
34.8126589616732000 0.9740869629854290
34.8946535757447000 1.0150332834366100
34.9765809025762000 1.0559142007186500
35.0592910468127000 1.0968801227151800
35.1432239902076000 1.1378571284555400
35.2286782942034000 1.1786714864451300
35.3159154553219000 1.2190946737014500
35.4052052148104000 1.2588578327509200
35.4968510037215000 1.2976537372226100
35.5912114388749000 1.3351327117950700
35.6887260716060000 1.3708942126514700
35.7867193923026000 1.4034602352438300
35.8824453794183000 1.4317192247565000
35.9753807796017000 1.4555540994872100
36.0657766161438000 1.4751424320565100
36.1540756447755000 1.4907028752540400
36.2407173146410000 1.5024236488656200
36.3260883605521000 1.5104516964371900
36.4105212016677000 1.5148980782183400
36.4943049887523000 1.5158455884691000
36.5776980404246000 1.5133549873369900
36.6609387942075000 1.5074693701953600
36.7442550848802000 1.4982169479160600
36.8278723033695000 1.4856125635964100
36.9120211426190000 1.4696581543777700
36.9969456771344000 1.4503422235512700
37.0829126223433000 1.4276382366490200
37.1702228709700000 1.4015016713596200
37.2592269196922000 1.3718651820882900
37.3503468003738000 1.3386308849099800
37.4441090981178000 1.3016579158304400
37.5411977081017000 1.2607416735785900
37.6394200716770000 1.2170027046122000
37.7357470437806000 1.1722124001188400
37.8293424126305000 1.1272814192753600
37.9202021985551000 1.0827009233478100
38.0085852609583000 1.0387708931349700
38.0948041342559000 0.9957036604889350
38.1792492869810000 0.9536228791481420
38.2630320182785000 0.9122623214862810
38.3467091730308000 0.8716265844151160
38.4306345523211000 0.8318265007578310
38.5150933453021000 0.7930185436963550
38.6003578253948000 0.7553836820986520
38.6867149408122000 0.7191217534459490
38.7744854890029000 0.6844525083688170
38.8640436317021000 0.6516203822400240
38.9558423857192000 0.6209025991078260
39.0503964597988000 0.5926371548260340
39.1440740847222000 0.5682530195874310
39.2358223876549000 0.5480672645746720
39.3255974972056000 0.5320189927002320
39.4136805518057000 0.5199580571822280
39.5004224848490000 0.5117384095847350
39.5861623364027000 0.5072410246099900
39.6712088720067000 0.5063750857505310
39.7558429901656000 0.5090740638235130
39.8403258005021000 0.5152917035553490
39.9249075772678000 0.5249991310292620
40.0098364872251000 0.5381832096649270
40.0953672657540000 0.5548460653758150
40.1817704880216000 0.5750057616106810
40.2693433759202000 0.5986982563330180
40.3584234759528000 0.6259809956194940
40.4494072565928000 0.6569388471542090
40.5427770441226000 0.6916936885491110
40.6384656985755000 0.7301388308393710
40.7331220541909000 0.7706475083611870
40.8258226801483000 0.8123632101011080
40.9165765251250000 0.8548208656946870
41.0056849647834000 0.8977317350179710
41.0935066002486000 0.9408809282428660
41.1803837987936000 0.9840825621423920
41.2666275576385000 1.0271608086942200
41.3530985842390000 1.0702281695971500
41.4405943777781000 1.1133574467121300
41.5295597974196000 1.1564171195346300
41.6203237087981000 1.1991788005974200
41.7131937544552000 1.2413550854755900
41.8085009284966000 1.2826100637696500
41.9066290063602000 1.3225579886815900
42.0080442996296000 1.3607552124270400
42.1118317116366000 1.3962012136958100
42.2136538367968000 1.4270380376167000
42.3124431702455000 1.4529325307358900
42.4083496627553000 1.4740448997127600
42.5018590956985000 1.4906280779051300
42.5934852844012000 1.5029079477528100
42.6836860061808000 1.5110609704271100
42.7728542467985000 1.5152190243586500
42.8613303766836000 1.5154788193562400
42.9494175485382000 1.5119098638717100
43.0373956032962000 1.5045600292198300
43.1255329810372000 1.4934590042565700
43.2140973329706000 1.4786200559342100
43.3033658198112000 1.4600403521194500
43.3936362009429000 1.4376998896420600
43.4852400496305000 1.4115588286353500
43.5785599498599000 1.3815527143775800
43.6740535950663000 1.3475845575098300
43.7722898538141000 1.3095118070716100
43.8740063598211000 1.2671243437336800
43.9781119789602000 1.2210576391512700
44.0804915501404000 1.1735754352303800
44.1799242250847000 1.1258538730760100
44.2763209447110000 1.0785178545262000
44.3699599008380000 1.0319377820007700
44.4612011788107000 0.9863680031704740
44.5507013152779000 0.9418546233362350
44.6395959559845000 0.8981729007198590
44.7284795749956000 0.8553645145338570
44.8177505525834000 0.8135778334168970
44.9077454316841000 0.7730095795103770
44.9987969631389000 0.7338854068114880
45.0912659071147000 0.6964561969195840
45.1855667754151000 0.6610017092363580
45.2821977472963000 0.6278392386792620
45.3817834675253000 0.5973379111035800
45.4815072596452000 0.5708284941290050
45.5794253646991000 0.5489787901951560
45.6752169336740000 0.5318115901717490
45.7691240469852000 0.5191735241399500
45.8615360304158000 0.5108959037493430
45.9528491203133000 0.5068382686861030
46.0434298026171000 0.5068941901504920
46.1336134243121000 0.5109874015110030
46.2237132278682000 0.5190669744381020
46.3140316936261000 0.5311037981371640
46.4048721641802000 0.5470887310612230
46.4965508905136000 0.5670324061171150
46.5894105101797000 0.5909667540091830
46.6838365866211000 0.6189485753034910
46.7802797297594000 0.6510659279332750
46.8792874965708000 0.6874488537204700
46.9815536932266000 0.7282874337212850
47.0829849888299000 0.7716527552676750
47.1822961776465000 0.8164479123478700
47.2794378272779000 0.8620808576304600
47.3747545136276000 0.9081910022570250
47.4686721643267000 0.9545145404069410
47.5616002691278000 1.0008247819599900
47.6539307591915000 1.0469163524289000
47.7470349592509000 1.0930826646401800
47.8415966771970000 1.1392499676264100
47.9380616340423000 1.1851808667390800
48.0368112498518000 1.2305476595014500
48.1382387818050000 1.2749553993696500
48.2427935605969000 1.3179438758923100
48.3510208525299000 1.3589785843193000
48.4626929477761000 1.3971370206078500
48.5723589640465000 1.4300337349968100
48.6786382466583000 1.4572222325840100
48.7816875377682000 1.4788887782458000
48.8820867442492000 1.4953361007542200
48.9804508460611000 1.5068309902304900
49.0773261852531000 1.5135774930494600
49.1731813913499000 1.5157241335475900
49.2684239429428000 1.5133761862235800
49.3634203766318000 1.5066056092624800
49.4585146062658000 1.4954576337431900
49.5540440647063000 1.4799544616076900
49.6503548908303000 1.4600965708928200
49.7478178571362000 1.4358618232289600
49.8468471553480000 1.4072021639905000
49.9479250102698000 1.3740371665595900
50.0516369034908000 1.3362428040807300
50.1587260313057000 1.2936321801265600
50.2701841743248000 1.2459213858224300
50.3823313526226000 1.1950315986959600
50.4918402044501000 1.1431434087212100
50.5979115658220000 1.0913927042372000
50.7006734454975000 1.0403994444308600
50.8005243889263000 0.9905474534641340
50.8981336245391000 0.9419970669988760
50.9949661236875000 0.8944613220159310
51.0917885078207000 0.8479945207355020
51.1891153936368000 0.8027896365478950
51.2873843526528000 0.7591046252171170
51.3870336206458000 0.7172387371063670
51.4885475370570000 0.6775296333017650
51.5924970476655000 0.6403611256936270
51.6995912236956000 0.6061795079842650
51.8088742652565000 0.5759974792344300
51.9166731168595000 0.5512192338423200
52.0221046834325000 0.5320574166466090
52.1253238817347000 0.5183614383739240
52.2267891888847000 0.5099225458165730
52.3270036813077000 0.5065620866036180
52.4264418140059000 0.5081471891385060
52.5255409550975000 0.5145869316464620
52.6247129101304000 0.5258258184817910
52.7243606695161000 0.5418390618262380
52.8248966770451000 0.5626305530602680
52.9267629897800000 0.5882336825915730
53.0304555766394000 0.6187153917866800
53.1365567334256000 0.6541845261940870
53.2457825326347000 0.6948068395696020
53.3587231746463000 0.7406900583942530
53.4705261339430000 0.7894357931842490
53.5798853386557000 0.8397388849367130
53.6868626858764000 0.8908842562475020
53.7919353583672000 0.9424246792192690
53.8956525172329000 0.9940210349173640
53.9985352337517000 1.0453717051432200
54.1022056352357000 1.0967452749186600
54.2076587683607000 1.1480653784796200
54.3155323639354000 1.1990079868196800
54.4263706373976000 1.2491089143511700
54.5407425824655000 1.2977957046583300
54.6593156643217000 1.3443864361241500
54.7829297648989000 1.3880689545085300
54.9066215480346000 1.4261442222207500
55.0268883843500000 1.4572234247901200
55.1433451490941000 1.4813189511190000
55.2566021160805000 1.4987854256152900
55.3674548018060000 1.5099716353486700
55.4766432668280000 1.5151437109532200
55.5848113847001000 1.5144871380145300
55.6925246338559000 1.5081235911648900
55.8002999595623000 1.4961254198598500
55.9086353881325000 1.4785247653889600
56.0180383349070000 1.4553176129594700
56.1290552348971000 1.4264632216414100
56.2423069875135000 1.3918785910688400
56.3585372279505000 1.3514262960764000
56.4786857457085000 1.3048916549971400
56.6040116945576000 1.2519401674201200
56.7325892998273000 1.1937717374334300
56.8586767937084000 1.1338467814080000
56.9807075389137000 1.0740121351236400
57.0987190650151000 1.0152562822170000
57.2132365187452000 0.9581676204402040
57.3260722724780000 0.9025682807780340
57.4386854995741000 0.8484177667114250
57.5519788750978000 0.7959721076311120
57.6666789068645000 0.7456264975649030
57.7835034224019000 0.6978647178059580
57.9032605622866000 0.6532544172169560
58.0269420991703000 0.6124681146200970
58.1558542540774000 0.5763290981912380
58.2838091422582000 0.5474654358602980
58.4090454775536000 0.5264252208940630
58.5316872875924000 0.5130506143694400
58.6524260301065000 0.5070674008798790
58.7720531559368000 0.5082546341197100
58.8913331746205000 0.5164735841142800
59.0109952677620000 0.5316611499432050
59.1317626242297000 0.5538203126816140
59.2543952502736000 0.5830161929770530
59.3797438345003000 0.6193801247511870
59.5088229297580000 0.6631242458223610
59.6429228160890000 0.7145724847774090
59.7816700169142000 0.7732821097591570
59.9191097850730000 0.8358500029233410
60.0539421294777000 0.9003730334956220
60.1865912256142000 0.9657643185833960
60.3179665656604000 1.0312842311508900
60.4500671938013000 1.0968035286339900
60.5853079270798000 1.1623392910409100
60.7252278365291000 1.2272660803658400
60.8711884552972000 1.2905550609898900
61.0247199871521000 1.3508145131476500
61.1878030535208000 1.4062205577323500
61.3530484005455000 1.4518913355281200
61.5150056819348000 1.4852679411708500
61.6736200258734000 1.5062071726650300
61.8305163878153000 1.5149764305392300
61.9876910021316000 1.5116405787269500
62.1472532917809000 1.4959281124030900
62.3115664511677000 1.4671791213702700
62.4836291840195000 1.4242219748357600
62.6678778516608000 1.3650339096410000
62.8000000000000000 1.3152527698018400
