0 0.0244699538490125 0
0.0125663706143592 0.0338685620510804 0.0125660398833526
0.0251327412287183 0.0433826054435949 0.0251300954433375
0.0376991118430775 0.0530097479787643 0.0376901826699345
0.0502654824574367 0.062747568259614 0.0502443181797696
0.0628318530717959 0.0725935602844473 0.0627905195293134
0.075398223686155 0.0825451342759618 0.0753268055279327
0.0879645943005142 0.0925996175952993 0.0878511965507432
0.100530964914873 0.102754255741195 0.100361714851215
0.113097335529233 0.113006213434308 0.112856384873482
0.125663706143592 0.123352575786677 0.125333233564304
0.138230076757951 0.133790349556189 0.137790290684638
0.15079644737231 0.144316464485781 0.150225589120757
0.163362817986669 0.154927774727038 0.162637165194884
0.175929188601028 0.165621060347718 0.175023058975276
0.188495559215388 0.17639302892262 0.187381314585725
0.201061929829747 0.187240317207106 0.199709980514407
0.213628300444106 0.198159492892491 0.212007109922055
0.226194671058465 0.209147056442371 0.224270760949381
0.238761041672824 0.220199443008879 0.236498997023725
0.251327412287183 0.23131302442772 0.248689887164855
0.263893782901543 0.242484111290756 0.260841506289897
0.276460153515902 0.253708955094757 0.272951935517325
0.289026524130261 0.264983750464873 0.285019262469976
0.30159289474462 0.276304637451223 0.297041581577035
0.314159265358979 0.287667703896934 0.309016994374947
0.326725635973338 0.299068987875804 0.320943609807209
0.339292006587698 0.310504480197717 0.332819544522987
0.351858377202057 0.321970126979766 0.344642923174517
0.364424747816416 0.333461832280996 0.356411878713251
0.376991118430775 0.344975460798534 0.368124552684678
0.389557489045134 0.356506840622794 0.379779095521801
0.402123859659493 0.368051766049348 0.391373666837202
0.414690230273853 0.379606000444935 0.402906435713663
0.427256600888212 0.391165279165036 0.414375580993284
0.439822971502571 0.402725312520283 0.425779291565073
0.45238934211693 0.414281788788955 0.437115766650933
0.464955712731289 0.42583037727267 0.448383216090032
0.477522083345648 0.437366731392345 0.459579860621488
0.490088453960008 0.448886491821381 0.470703932165332
0.502654824574367 0.460385289652995 0.481753674101715
0.515221195188726 0.4718587495985 0.492727341548292
0.527787565803085 0.483302493213327 0.503623201635761
0.540353936417444 0.49471214214746 0.514439533781506
0.552920307031804 0.506083321416936 0.525174629961296
0.565486677646163 0.517411662692999 0.535826794978997
0.578053048260522 0.528692807605417 0.546394346734269
0.590619418874881 0.539922411056478 0.556875616488188
0.60318578948924 0.551096144542083 0.567268949126756
0.615752160103599 0.562209699476345 0.577572703422268
0.628318530717959 0.573258790516073 0.587785252292473
0.640884901332318 0.584239158881464 0.597904983057519
0.653451271946677 0.595146575669341 0.607930297694605
0.666017642561036 0.605976845155198 0.617859613090334
0.678584013175395 0.616725808080366 0.6276913612907
0.691150383789754 0.627389344920539 0.63742398974869
0.703716754404114 0.637963379131932 0.647055961569444
0.716283125018473 0.648443880371329 0.656585755752956
0.728849495632832 0.658826867686261 0.666011867434251
0.741415866247191 0.669108412671611 0.675332808121024
0.75398223686155 0.679284642588884 0.684547105928689
0.766548607475909 0.68935174344446 0.693653305812805
0.779114978090269 0.69930596302312 0.702649969798849
0.791681348704628 0.70914361387318 0.711535677209285
0.804247719318987 0.718861076239592 0.720309024887907
0.816814089933346 0.72845480094139 0.728968627421411
0.829380460547705 0.737921312189909 0.737513117358174
0.841946831162064 0.747257210344223 0.745941145424182
0.854513201776424 0.756459174600302 0.754251380736104
0.867079572390783 0.765523965610418 0.762442511011448
0.879645943005142 0.774448428029392 0.770513242775789
0.892212313619501 0.783229492984301 0.778462301567023
0.90477868423386 0.791864180464313 0.786288432136619
0.917345054848219 0.800349601627408 0.793990398647835
0.929911425462579 0.808682961020724 0.801566984870876
0.942477796076938 0.816861558711394 0.809016994374947
0.955044166691297 0.824882792324743 0.816339250717184
0.967610537305656 0.832744158986791 0.823532597628427
0.980176907920015 0.840443257168061 0.830595899195812
0.992743278534374 0.847977788425735 0.837528040042142
1.00530964914873 0.855345559041275 0.844327925502015
1.01787601976309 0.862544481550654 0.850994481794692
1.03044239037745 0.86957257616442 0.857526656193652
1.04300876099181 0.876427972074852 0.863923417192835
1.05557513160617 0.883108908647518 0.870183754669526
1.06814150222053 0.889613736494594 0.876306680043864
1.08070787283489 0.895940918427364 0.882291226434954
1.09327424344925 0.902089030285328 0.888136448813545
1.10584061406361 0.908056761639438 0.893841424151264
1.11840698467797 0.913842916366976 0.899405251566371
1.13097335529233 0.919446413095639 0.90482705246602
1.14353972590669 0.924866285514459 0.910105970684996
1.15610609652105 0.930101682549164 0.915241172620918
1.1686724671354 0.935151868399677 0.920231847365871
1.18123883774976 0.940016222437422 0.925077206834459
1.19380520836412 0.944694238960186 0.929776485888252
1.20637157897848 0.949185526802272 0.934328942456613
1.21893794959284 0.953489808797728 0.938733857653875
1.2315043202072 0.957606921094457 0.942990535892865
1.24407069082156 0.961536812317044 0.947098304994745
1.25663706143592 0.965279542576166 0.951056516295154
1.26920343205028 0.968835282322476 0.954864544746644
1.28176980266464 0.97220431104292 0.958521789017377
1.294336173279 0.975387015797451 0.962027671586086
1.30690254389336 0.978383889594192 0.965381638833275
1.31946891450772 0.981195529601142 0.968583161128632
1.33203528512207 0.983822635192606 0.971631732914675
1.34460165573643 0.986266005833787 0.974526872786578
1.35716802635079 0.988526541040583 0.977268123568194
1.36973439696515 0.990605660776451 0.979855052384247
1.38230076757951 0.992539350784829 0.982287250728689
1.39486713819387 0.995539660606364 0.984564334529206
1.40743350880823 1.01673104515635 0.986685944207869
1.41999987942259 1.14284533432836 0.988651744737915
1.43256625003695 1.44066355558838 0.990461425696652
1.44513262065131 1.58590481888685 0.992114701314478
1.45769899126567 1.33994755445315 0.993611310520009
1.47026536188003 1.08681413572499 0.994951016981301
1.48283173249439 1.01084117488713 0.996133609143173
1.49539810310875 1.00213024821296 0.997158900260614
1.5079644737231 1.00184923815109 0.998026728428272
1.52053084433746 1.00184420647759 0.998736956606018
1.53309721495182 1.00168697518701 0.999289472640589
1.54566358556618 1.00137010383111 0.9996841892833
1.55822995618054 1.00089551385649 0.999921044203816
1.5707963267949 1.00026524694605 1
1.58336269740926 0.999481372301447 0.999921044203816
1.59592906802362 0.998545980819156 0.9996841892833
1.60849543863798 0.997461179488793 0.999289472640589
1.62106180925234 0.996229085667847 0.998736956606017
1.6336281798667 0.994851821241971 0.998026728428271
1.64619455048106 0.993331506681715 0.997158900260613
1.65876092109542 0.991670255007744 0.996133609143172
1.67132729170978 0.989870165677815 0.9949510169813
1.68389366232413 0.987933318410059 0.993611310520008
1.69646003293849 0.985861766958388 0.992114701314477
1.70902640355285 0.98365753285721 0.99046142569665
1.72159277416721 0.981322599153971 0.988651744737913
1.73415914478157 0.978858904149415 0.986685944207867
1.74672551539593 0.976268335166842 0.984564334529204
1.75929188601029 0.973552722372997 0.982287250728688
1.77185825662465 0.970713832674581 0.979855052384246
1.78442462723901 0.967753363715699 0.977268123568192
1.79699099785337 0.964672938002823 0.974526872786576
1.80955736846773 0.961474097185089 0.971631732914672
1.82212373908209 0.958158296518853 0.968583161128629
1.83469010969645 0.9547268995465 0.965381638833272
1.84725648031081 0.951181173020452 0.962027671586084
1.85982285092516 0.947522282104092 0.958521789017374
1.87238922153952 0.94375128588203 0.954864544746641
1.88495559215388 0.93986913321262 0.951056516295151
1.89752196276824 0.935876658955965 0.947098304994742
1.9100883333826 0.931774580610753 0.942990535892862
1.92265470399696 0.927563495393216 0.938733857653872
1.93522107461132 0.923243877791109 0.934328942456609
1.94778744522568 0.918816077625085 0.929776485888249
1.96035381584004 0.91428031864895 0.925077206834455
1.9729201864544 0.909636697719173 0.920231847365867
1.98548655706876 0.904885184562597 0.915241172620914
1.99805292768312 0.90002562216956 0.910105970684992
2.01061929829748 0.8950577278376 0.904827052466016
2.02318566891184 0.889981094888568 0.899405251566367
2.03575203952619 0.884795195079248 0.89384142415126
2.04831841014055 0.879499381722632 0.888136448813541
2.06088478075491 0.874092893533609 0.882291226434949
2.07345115136927 0.868574859209231 0.876306680043859
2.08601752198363 0.862944302749722 0.870183754669521
2.09858389259799 0.857200149522187 0.863923417192831
2.11115026321235 0.851341233064427 0.857526656193648
2.12371663382671 0.845366302621493 0.850994481794687
2.13628300444107 0.839274031402601 0.84432792550201
2.14884937505543 0.833063025540805 0.837528040042137
2.16141574566979 0.826731833732439 0.830595899195807
2.17398211628415 0.820278957527803 0.823532597628422
2.18654848689851 0.813702862238961 0.816339250717178
2.19911485751287 0.807001988424814 0.809016994374942
2.21168122812722 0.800174763907963 0.801566984870871
2.22424759874158 0.793219616272195 0.793990398647829
2.23681396935594 0.786134985783911 0.786288432136613
2.2493803399703 0.778919338675393 0.778462301567017
2.26194671058466 0.771571180722623 0.770513242775783
2.27451308119902 0.764089071045436 0.762442511011441
2.28707945181338 0.756471636053158 0.754251380736097
2.29964582242774 0.748717583454668 0.745941145424175
2.3122121930421 0.740825716247995 0.737513117358167
2.32477856365646 0.732794946601273 0.728968627421404
2.33734493427082 0.724624309534096 0.720309024887899
2.34991130488518 0.716312976306151 0.711535677209278
2.36247767549954 0.707860267418484 0.702649969798841
2.37504404611389 0.699265665131925 0.693653305812797
2.38761041672825 0.690528825407092 0.68454710592868
2.40017678734261 0.681649589171055 0.675332808121016
2.41274315795697 0.672627992817214 0.666011867434243
2.42530952857133 0.663464277847183 0.656585755752948
2.43787589918569 0.654158899566632 0.647055961569435
2.45044226980005 0.644712534750918 0.637423989748681
2.46300864041441 0.635126088201178 0.627691361290691
2.47557501102877 0.625400698117114 0.617859613090325
2.48814138164313 0.615537740219166 0.607930297694596
2.50070775225749 0.605538830559941 0.597904983057509
2.51327412287185 0.595405826972751 0.587785252292463
2.52584049348621 0.585140829113745 0.577572703422257
2.53840686410057 0.574746177063458 0.567268949126746
2.55097323471492 0.564224448463483 0.556875616488178
2.56353960532928 0.553578454174414 0.546394346734258
2.57610597594364 0.542811232452042 0.535826794978986
2.588672346558 0.531926041650044 0.525174629961285
2.60123871717236 0.52092635146886 0.514439533781495
2.61380508778672 0.509815832782126 0.503623201635749
2.62637145840108 0.498598346083738 0.49272734154828
2.63893782901544 0.487277928610317 0.481753674101704
2.6515041996298 0.47585878020536 0.470703932165321
2.66407057024416 0.46434524800262 0.459579860621476
2.67663694085852 0.4527418100172 0.44838321609002
2.68920331147288 0.441053057743186 0.43711576665092
2.70176968208724 0.429283677866537 0.42577929156506
2.7143360527016 0.417438433211002 0.414375580993271
2.72690242331595 0.405522143043201 0.40290643571365
2.73946879393031 0.393539662870384 0.391373666837189
2.75203516454467 0.381495863870851 0.379779095521788
2.76460153515903 0.369395612102329 0.368124552684665
2.77716790577339 0.357243747637848 0.356411878713237
2.78973427638775 0.345045063781658 0.344642923174503
2.80230064700211 0.332804286519443 0.332819544522973
2.81486701761647 0.320526054357591 0.320943609807195
2.82743338823083 0.308214898705318 0.309016994374933
2.83999975884519 0.295875224951279 0.29704158157702
2.85256612945955 0.283511294382678 0.285019262469962
2.86513250007391 0.271127207089973 0.272951935517311
2.87769887068827 0.258726885994071 0.260841506289882
2.89026524130263 0.246314062125371 0.24868988716484
2.90283161191698 0.233892261275297 0.23649899702371
2.91539798253134 0.221464792131099 0.224270760949366
2.9279643531457 0.20903473599371 0.212007109922039
2.94053072376006 0.196604938166514 0.199709980514391
2.95309709437442 0.18417800109002 0.187381314585709
2.96566346498878 0.171756279283848 0.17502305897526
2.97822983560314 0.159341876143104 0.162637165194868
2.9907962062175 0.146936642621448 0.150225589120741
3.00336257683186 0.134542177817934 0.137790290684622
3.01592894744622 0.122159831469206 0.125333233564288
3.02849531806058 0.109790708333086 0.112856384873465
3.04106168867494 0.0974356744339846 0.100361714851198
3.0536280592893 0.0850953651252019 0.0878511965507263
3.06619442990366 0.072770194908106 0.0753268055279158
3.07876080051801 0.0604603689335477 0.0627905195292963
3.09132717113237 0.0481658960968752 0.0502443181797524
3.10389354174673 0.0358866036245971 0.0376901826699172
3.11645991236109 0.0236221530383213 0.0251300954433201
3.12902628297545 0.0113720573701266 0.0125660398833351
3.14159265358981 -0.000864300506871288 -1.76411077586203E-14
3.15415902420417 -0.0130876485782032 -0.0125660398833704
3.16672539481853 -0.0252988055713825 -0.0251300954433553
3.17929176543289 -0.0374986601829193 -0.0376901826699525
3.19185813604725 -0.0496881498142726 -0.0502443181797876
3.20442450666161 -0.0618682389857869 -0.0627905195293315
3.21699087727597 -0.0740398976000023 -0.0753268055279509
3.22955724789033 -0.0862040792265587 -0.0878511965507615
3.24212361850469 -0.0983616995802853 -0.100361714851233
3.25468998911904 -0.110513615361947 -0.1128563848735
3.2672563597334 -0.122660603627564 -0.125333233564323
3.27982273034776 -0.134803341847262 -0.137790290684657
3.29238910096212 -0.146942388808298 -0.150225589120776
3.30495547157648 -0.159078166509304 -0.162637165194902
3.31752184219084 -0.171210943184012 -0.175023058975295
3.3300882128052 -0.183340817582785 -0.187381314585744
3.34265458341956 -0.195467704629387 -0.199709980514426
3.35522095403392 -0.207591322558541 -0.212007109922074
3.36778732464828 -0.219711181627263 -0.2242707609494
3.38035369526264 -0.231826574479608 -0.236498997023744
3.392920065877 -0.243936568230649 -0.248689887164874
3.40548643649136 -0.256039998321284 -0.260841506289916
3.41805280710572 -0.268135464180882 -0.272951935517344
3.43061917772007 -0.280221326720135 -0.285019262469995
3.44318554833443 -0.292295707661779 -0.297041581577054
3.45575191894879 -0.304356490702241 -0.309016994374967
3.46831828956315 -0.316401324482938 -0.320943609807229
3.48088466017751 -0.328427627335951 -0.332819544523006
3.49345103079187 -0.340432593755291 -0.344642923174536
3.50601740140623 -0.352413202532042 -0.35641187871327
3.51858377202059 -0.364366226479426 -0.368124552684697
3.53115014263495 -0.376288243662362 -0.37977909552182
3.54371651324931 -0.388175650035514 -0.391373666837222
3.55628288386367 -0.40002467338415 -0.402906435713682
3.56884925447803 -0.411831388453474 -0.414375580993303
3.58141562509239 -0.423591733144517 -0.425779291565092
3.59398199570674 -0.435301525648134 -0.437115766650952
3.6065483663211 -0.446956482383327 -0.448383216090052
3.61911473693546 -0.45855223660186 -0.459579860621507
3.63168110754982 -0.470084357518087 -0.470703932165352
3.64424747816418 -0.481548369821018 -0.481753674101734
3.65681384877854 -0.492939773424899 -0.492727341548311
3.6693802193929 -0.504254063314949 -0.50362320163578
3.68194659000726 -0.515486749346384 -0.514439533781526
3.69451296062162 -0.526633375857395 -0.525174629961315
3.70707933123598 -0.537689540960292 -0.535826794979016
3.71964570185034 -0.548650915379522 -0.546394346734288
3.7322120724647 -0.559513260710695 -0.556875616488207
3.74477844307906 -0.570272446980952 -0.567268949126775
3.75734481369342 -0.580924469398038 -0.577572703422286
3.76991118430777 -0.591465464183079 -0.587785252292492
3.78247755492213 -0.601891723390371 -0.597904983057537
3.79504392553649 -0.612199708626273 -0.607930297694624
3.80761029615085 -0.622386063588528 -0.617859613090353
3.82017666676521 -0.632447625356963 -0.627691361290719
3.83274303737957 -0.642381434376348 -0.637423989748708
3.84530940799393 -0.652184743082278 -0.647055961569462
3.85787577860829 -0.661855023131097 -0.656585755752974
3.87044214922265 -0.671389971205075 -0.666011867434269
3.88300851983701 -0.680787513374196 -0.675332808121042
3.89557489045137 -0.690045808005941 -0.684547105928706
3.90814126106573 -0.699163247224278 -0.693653305812822
3.92070763168009 -0.708138456928664 -0.702649969798866
3.93327400229445 -0.71697029539308 -0.711535677209302
3.9458403729088 -0.725657850474089 -0.720309024887924
3.95840674352316 -0.734200435465269 -0.728968627421428
3.97097311413752 -0.742597583643476 -0.737513117358191
3.98353948475188 -0.750849041559787 -0.745941145424199
3.99610585536624 -0.758954761134997 -0.75425138073612
4.0086722259806 -0.766914890625857 -0.762442511011464
4.02123859659496 -0.774729764534074 -0.770513242775805
4.03380496720932 -0.782399892535234 -0.778462301567039
4.04637133782368 -0.789925947509347 -0.786288432136634
4.05893770843804 -0.797308752758674 -0.793990398647851
4.0715040790524 -0.804549268501713 -0.801566984870892
4.08407044966676 -0.811648577734924 -0.809016994374962
4.09663682028112 -0.818607871555769 -0.816339250717199
4.10920319089548 -0.825428434042059 -0.823532597628442
4.12176956150983 -0.832111626783429 -0.830595899195827
4.13433593212419 -0.838658873160959 -0.837528040042156
4.14690230273855 -0.845071642470678 -0.844327925502029
4.15946867335291 -0.851351433985796 -0.850994481794706
4.17203504396727 -0.857499761051148 -0.857526656193666
4.18460141458163 -0.863518135301515 -0.863923417192849
4.19716778519599 -0.869408051093153 -0.870183754669539
4.20973415581035 -0.875170970235199 -0.876306680043876
4.22230052642471 -0.880808307104525 -0.882291226434966
4.23486689703907 -0.886321414224165 -0.888136448813557
4.24743326765343 -0.891711568381732 -0.893841424151276
4.25999963826779 -0.896979957360204 -0.899405251566383
4.27256600888215 -0.902127667349216 -0.904827052466031
4.28513237949651 -0.907155671100519 -0.910105970685007
4.29769875011086 -0.912064816886671 -0.915241172620929
4.31026512072522 -0.916855818317202 -0.920231847365881
4.32283149133958 -0.921529245061667 -0.925077206834468
4.33539786195394 -0.926085514524021 -0.929776485888262
4.3479642325683 -0.930524884507744 -0.934328942456622
4.36053060318266 -0.934847446906135 -0.938733857653884
4.37309697379702 -0.939053122447164 -0.942990535892874
4.38566334441138 -0.943141656517268 -0.947098304994753
4.39822971502574 -0.947112616083521 -0.951056516295162
4.4107960856401 -0.950965387728752 -0.954864544746651
4.42336245625446 -0.954699176809305 -0.958521789017384
4.43592882686882 -0.958313007740479 -0.962027671586094
4.44849519748318 -0.961805725410013 -0.965381638833281
4.46106156809754 -0.965175997715467 -0.968583161128638
4.47362793871189 -0.968422319216971 -0.971631732914681
4.48619430932625 -0.971543015892442 -0.974526872786584
4.49876067994061 -0.974536250978258 -0.9772681235682
4.51132705055497 -0.977400031874228 -0.979855052384253
4.52389342116933 -0.980132218087728 -0.982287250728694
4.53645979178369 -0.982730530188002 -0.984564334529211
4.54902616239805 -0.985192559737769 -0.986685944207873
4.56159253301241 -0.98751578016557 -0.988651744737919
4.57415890362677 -0.989697558538592 -0.990461425696655
4.58672527424113 -0.99173516819205 -0.992114701314482
4.59929164485549 -0.993625802167644 -0.993611310520012
4.61185801546985 -0.995366587409953 -0.994951016981303
4.62442438608421 -0.996954599666107 -0.996133609143175
4.63699075669857 -0.998386879030423 -0.997158900260616
4.64955712731292 -0.999660446072117 -0.998026728428273
4.66212349792728 -1.00077231848054 -0.998736956606019
4.67468986854164 -1.00171952815871 -0.99928947264059
4.687256239156 -1.0024991386922 -0.999684189283301
4.69982260977036 -1.00310826311672 -0.999921044203817
4.71238898038472 -1.00354408190385 -1
4.72495535099908 -1.00380386108072 -0.999921044203816
4.73752172161344 -1.00388497039559 -0.999684189283299
4.7500880922278 -1.0037849014374 -0.999289472640588
4.76265446284216 -1.0035012856137 -0.998736956606016
4.77522083345652 -1.00303191188787 -0.99802672842827
4.78778720407088 -1.0023747441727 -0.997158900260612
4.80035357468524 -1.0015279382743 -0.99613360914317
4.8129199452996 -1.00048985827726 -0.994951016981297
4.82548631591395 -0.999259092258747 -0.993611310520005
4.83805268652831 -0.99783446721746 -0.992114701314474
4.85061905714267 -0.996215063100657 -0.990461425696647
4.86318542775703 -0.994400225811578 -0.988651744737909
4.87575179837139 -0.992389579078402 -0.986685944207863
4.88831816898575 -0.99018303506589 -0.9845643345292
4.90088453960011 -0.987780803611483 -0.982287250728683
4.91345091021447 -0.985183399969233 -0.97985505238424
4.92601728082883 -0.982391650947487 -0.977268123568186
4.93858365144319 -0.979406699329899 -0.97452687278657
4.95115002205755 -0.976230006474201 -0.971631732914666
4.96371639267191 -0.972863352989245 -0.968583161128623
4.97628276328627 -0.969308837398263 -0.965381638833265
4.98884913390062 -0.965568872705139 -0.962027671586077
5.00141550451498 -0.961646180790767 -0.958521789017366
5.01398187512934 -0.957543784578353 -0.954864544746633
5.0265482457437 -0.95326499791981 -0.951056516295143
5.03911461635806 -0.94881341317021 -0.947098304994733
5.05168098697242 -0.944192886433533 -0.942990535892853
5.06424735758678 -0.939407520480703 -0.938733857653862
5.07681372820114 -0.934461645360011 -0.9343289424566
5.0893800988155 -0.929359796740415 -0.929776485888239
5.10194646942986 -0.924106692049778 -0.925077206834445
5.11451284004422 -0.918707204492612 -0.920231847365857
5.12707921065858 -0.91316633505532 -0.915241172620904
5.13964558127294 -0.907489182630894 -0.910105970684981
5.1522119518873 -0.901680912419408 -0.904827052466005
5.16477832250165 -0.895746722785128 -0.899405251566356
5.17734469311601 -0.889691810775405 -0.893841424151248
5.18991106373037 -0.883521336530364 -0.888136448813528
5.20247743434473 -0.877240386835463 -0.882291226434937
5.21504380495909 -0.870853938090941 -0.876306680043847
5.22761017557345 -0.86436681899259 -0.870183754669508
5.24017654618781 -0.857783673236944 -0.863923417192818
5.25274291680217 -0.851108922580352 -0.857526656193634
5.26530928741653 -0.844346730595305 -0.850994481794673
5.27787565803089 -0.837500967478385 -0.844327925501996
5.29044202864525 -0.830575176272 -0.837528040042122
5.30300839925961 -0.82357254086636 -0.830595899195793
5.31557476987397 -0.81649585614869 -0.823532597628407
5.32814114048833 -0.80934750066321 -0.816339250717163
5.34070751110268 -0.802129412137733 -0.809016994374926
5.35327388171704 -0.79484306622076 -0.801566984870855
5.3658402523314 -0.787489458756513 -0.793990398647813
5.37840662294576 -0.780069091904467 -0.786288432136596
5.39097299356012 -0.77258196438463 -0.778462301567
5.40353936417448 -0.765027566100155 -0.770513242775766
5.41610573478884 -0.757404877355013 -0.762442511011424
5.4286721054032 -0.749712372846659 -0.75425138073608
5.44123847601756 -0.741948030572117 -0.745941145424157
5.45380484663192 -0.734109345741091 -0.737513117358149
5.46637121724628 -0.726193349742039 -0.728968627421386
5.47893758786064 -0.71819663415696 -0.720309024887881
5.491503958475 -0.710115379768668 -0.711535677209259
5.50407032908936 -0.701945390450958 -0.702649969798822
5.51663669970371 -0.693682131778097 -0.693653305812778
5.52920307031807 -0.685320774136015 -0.684547105928661
5.54176944093243 -0.676856240064199 -0.675332808120997
5.55433581154679 -0.668283255505317 -0.666011867434223
5.56690218216115 -0.659596404589622 -0.656585755752928
5.57946855277551 -0.650790187534039 -0.647055961569415
5.59203492338987 -0.641859081192122 -0.63742398974866
5.60460129400423 -0.632797601751441 -0.627691361290671
5.61716766461859 -0.623600369040089 -0.617859613090304
5.62973403523295 -0.614262171874422 -0.607930297694575
5.64230040584731 -0.604778033856332 -0.597904983057488
5.65486677646167 -0.595143279010839 -0.587785252292442
5.66743314707603 -0.58535359664385 -0.577572703422236
5.67999951769039 -0.575405104795872 -0.567268949126724
5.69256588830474 -0.565294411670519 -0.556875616488155
5.7051322589191 -0.555018674426813 -0.546394346734236
5.71769862953346 -0.544575654741648 -0.535826794978963
5.73026500014782 -0.533963770573173 -0.525174629961262
5.74283137076218 -0.523182143587082 -0.514439533781472
5.75539774137654 -0.512230641745573 -0.503623201635726
5.7679641119909 -0.501109916602632 -0.492727341548257
5.78053048260526 -0.489821434898827 -0.48175367410168
5.79309685321962 -0.478367504103399 -0.470703932165297
5.80566322383398 -0.466751291610416 -0.459579860621452
5.81822959444834 -0.454976837358455 -0.448383216089996
5.8307959650627 -0.443049059708862 -0.437115766650897
5.84336233567706 -0.430973754485314 -0.425779291565036
5.85592870629142 -0.418757587146359 -0.414375580993247
5.86849507690577 -0.406408078131868 -0.402906435713625
5.88106144752013 -0.393933581493161 -0.391373666837165
5.89362781813449 -0.381343256983956 -0.379779095521763
5.90619418874885 -0.368647035854521 -0.36812455268464
5.91876055936321 -0.355855580653552 -0.356411878713212
5.93132692997757 -0.342980239400717 -0.344642923174478
5.94389330059193 -0.330032994546628 -0.332819544522948
5.95645967120629 -0.317026407185809 -0.32094360980717
5.96902604182065 -0.303973557031195 -0.309016994374908
5.98159241243501 -0.290887978695578 -0.297041581576995
5.99415878304937 -0.277783594855719 -0.285019262469936
6.00672515366373 -0.264674646898235 -0.272951935517285
6.01929152427809 -0.251575623662789 -0.260841506289856
6.03185789489245 -0.23850118890735 -0.248689887164814
6.0444242655068 -0.225466108122423 -0.236498997023684
6.05699063612116 -0.212485175316259 -0.22427076094934
6.06955700673552 -0.199573140381349 -0.212007109922013
6.08212337734988 -0.186744637634324 -0.199709980514365
6.09468974796424 -0.17401411609698 -0.187381314585683
6.1072561185786 -0.16139577205615 -0.175023058975234
6.11982248919296 -0.148903484404897 -0.162637165194841
6.13238885980732 -0.136550753227728 -0.150225589120715
6.14495523042168 -0.124350642048717 -0.137790290684595
6.15752160103604 -0.112315724114376 -0.125333233564261
6.1700879716504 -0.100458033033375 -0.112856384873439
6.18265434226476 -0.0887890180435883 -0.100361714851172
6.19522071287912 -0.0773195041240699 -0.0878511965506999
6.20778708349348 -0.0660596571161708 -0.0753268055278893
6.22035345410783 -0.0550189539647612 -0.0627905195292698
6.23291982472219 -0.0442061581380551 -0.0502443181797259
6.24548619533655 -0.0336293002334926 -0.0376901826698907
6.25805256595091 -0.023295663728051 -0.0251300954432935
6.27061893656527 -0.0132117757847853 -0.0125660398833086


0 0
0.330693963535768 0.324699469204683
0.661387927071535 0.614212712689668
0.992081890607303 0.837166478262529
1.32277585414307 0.96940026593933
1.65346981767884 0.99658449300667
1.98416378121461 0.915773326655058
2.31485774475037 0.735723910673132
2.64555170828614 0.475947393037074
2.97624567182191 0.164594590280734
3.30693963535768 -0.164594590280734
3.63763359889344 -0.475947393037074
3.96832756242921 -0.735723910673131
4.29902152596498 -0.915773326655057
4.62971548950075 -0.99658449300667
4.96040945303652 -0.96940026593933
5.29110341657228 -0.837166478262529
5.62179738010805 -0.614212712689668
5.95249134364382 -0.324699469204684
6.28318530717959 -2.44921270764475E-16
