0.0000000000000000 1.0000000000000000
0.1000000000000000 1.0000000000000000
0.2000000000000000 1.0000000000000000
0.3000000000000000 1.0000000000000000
0.4000000000000000 1.0000000000000000
0.5000000000000000 1.0000000000000000
0.6000000000000000 1.0000000000000000
0.7000000000000000 1.0000000000000000
0.8000000000000000 1.0000000000000000
0.9000000000000000 1.0000000000000000
1.0000000000000000 1.0000000000000000
1.1000000000000000 1.0000000000000000
1.2000000000000000 1.0000000000000000
1.3000000000000000 1.0000000000000000
1.4000000000000000 1.0000000000000000
1.5000000000000000 1.0000000000000000
1.6000000000000000 1.0000000000000000
1.7000000000000000 1.0000000000000000
1.8000000000000000 1.0000000000000000
1.9000000000000000 1.0000000000000000
2.0000000000000000 1.0000000000000000
2.1000000000000000 1.0000000000000000
2.2000000000000000 1.0000000000000000
2.3000000000000000 1.0000000000000000
2.4000000000000000 1.0000000000000000
2.5000000000000000 1.0000000000000000
2.6000000000000000 1.0000000000000000
2.7000000000000000 1.0000000000000000
2.8000000000000000 1.0000000000000000
2.9000000000000000 1.0000000000000000
3.0000000000000000 1.0000000000000000
3.1000000000000000 1.0000000000000000
3.2000000000000000 1.0000000000000000
3.3000000000000000 1.0000000000000000
3.4000000000000000 1.0000000000000000
3.5000000000000000 1.0000000000000000
3.6000000000000000 1.0000000000000000
3.7000000000000000 1.0000000000000000
3.8000000000000000 1.0000000000000000
3.9000000000000000 1.0000000000000000
4.0000000000000000 1.0000000000000000
4.1000000000000000 1.0000000000000000
4.2000000000000000 1.0000000000000000
4.3000000000000000 1.0000000000000000
4.4000000000000000 1.0000000000000000
4.5000000000000000 1.0000000000000000
4.6000000000000000 1.0000000000000000
4.7000000000000000 1.0000000000000000
4.8000000000000000 1.0000000000000000
4.9000000000000000 1.0000000000000000
5.0000000000000000 1.0000000000000000
5.1000000000000000 1.0000000000000000
5.2000000000000000 1.0000000000000000
5.3000000000000000 1.0000000000000000
5.4000000000000000 1.0000000000000000
5.5000000000000000 1.0000000000000000
5.6000000000000000 1.0000000000000000
5.7000000000000000 1.0000000000000000
5.8000000000000000 1.0000000000000000
5.9000000000000000 1.0000000000000000
5.9999999999999900 1.0000000000000000
6.0999999999999900 1.0000000000000000
6.1999999999999900 1.0000000000000000
6.2999999999999900 1.0000000000000000
6.3999999999999900 1.0000000000000000
6.4999999999999900 1.0000000000000000
6.5999999999999900 1.0000000000000000
6.6999999999999900 1.0000000000000000
6.7999999999999900 1.0000000000000000
6.8999999999999900 1.0000000000000000
6.9999999999999900 1.0000000000000000
7.0999999999999900 1.0000000000000000
7.1999999999999900 1.0000000000000000
7.2999999999999900 1.0000000000000000
7.3999999999999900 1.0000000000000000
7.4999999999999900 1.0000000000000000
7.5999999999999900 1.0000000000000000
7.6999999999999900 1.0000000000000000
7.7999999999999900 1.0000000000000000
7.8999999999999900 1.0000000000000000
7.9999999999999900 1.0000000000000000
8.0999999999999900 1.0000000000000000
8.1999999999999900 1.0000000000000000
8.2999999999999900 1.0000000000000000
8.3999999999999900 1.0000000000000000
8.4999999999999900 1.0000000000000000
8.5999999999999900 1.0000000000000000
8.6999999999999900 1.0000000000000000
8.7999999999999800 1.0000000000000000
8.8999999999999800 1.0000000000000000
8.9999999999999800 1.0000000000000000
9.0999999999999800 1.0000000000000000
9.1999999999999800 1.0000000000000000
9.2999999999999800 1.0000000000000000
9.3999999999999800 1.0000000000000000
9.4999999999999800 1.0000000000000000
9.5999999999999800 1.0000000000000000
9.6999999999999800 1.0000000000000000
9.7999999999999800 1.0000000000000000
9.8999999999999800 1.0000000000000000
9.9999999999999800 1.0000000000000000
10.1000000000000000 1.0000000000000000
10.2000000000000000 1.0000000000000000
10.3000000000000000 1.0000000000000000
10.4000000000000000 1.0000000000000000
10.5000000000000000 1.0000000000000000
10.6000000000000000 1.0000000000000000
10.7000000000000000 1.0000000000000000
10.8000000000000000 1.0000000000000000
10.9000000000000000 1.0000000000000000
11.0000000000000000 1.0000000000000000
11.1000000000000000 1.0000000000000000
11.2000000000000000 1.0000000000000000
11.3000000000000000 1.0000000000000000
11.4000000000000000 1.0000000000000000
11.5000000000000000 1.0000000000000000
11.6000000000000000 1.0000000000000000
11.7000000000000000 1.0000000000000000
11.8000000000000000 1.0000000000000000
11.9000000000000000 1.0000000000000000
12.0000000000000000 1.0000000000000000
12.1000000000000000 1.0000000000000000
12.2000000000000000 1.0000000000000000
12.3000000000000000 1.0000000000000000
12.4000000000000000 1.0000000000000000
12.5000000000000000 1.0000000000000000
