0.0000000000000000 1.0000000000000000
0.1000000000000000 0.9500833333333330
0.1966312691990220 0.9023171439638080
0.2922437911849080 0.8559503975539780
0.3879147992015140 0.8108727700673570
0.4842739480051700 0.7672206735632360
0.5818097034322110 0.7252369518470380
0.6809961208596930 0.6852237859259350
0.7823593863592460 0.6475325010561390
0.8865318262018900 0.6125707296260700
0.9943192202461960 0.5808222320907800
1.1012238944277200 0.5541389088687740
1.2058425955516300 0.5329531044255600
1.3081465847148600 0.5171737084588700
1.4085402231392100 0.5065966047796040
1.5075139165352300 0.5010326559777650
1.6055381221455500 0.5003357625714390
1.7030437330327900 0.5044018910240100
1.8004299535322500 0.5131624896945010
1.8980794973023900 0.5265789155231830
1.9963753611992500 0.5446392992993360
2.0957186144751000 0.5673580090298700
2.1965486856988400 0.5947778583557450
2.2993689729380200 0.6269756601572190
2.4047824814796200 0.6640725703510600
2.5135458806317300 0.7062522550007600
2.6239389266735000 0.7526106871956540
2.7326656093719200 0.8012155770679440
2.8390106733002200 0.8510304327726410
2.9431952743105600 0.9014687169178180
3.0457031040095100 0.9521405241180570
3.1470482090362700 1.0027330471846400
3.2477813081888500 1.0529928549467100
3.3495417555902800 1.1032175369049600
3.4531719832200200 1.1532638236216800
3.5592478685183000 1.2027832336763600
3.6682883738809700 1.2513046951780700
3.7808545528232300 1.2982567022301100
3.8976176660963000 1.3429619934689300
4.0194343888673200 1.3846143087984800
4.1392036671990600 1.4200115327066400
4.2550569349323300 1.4485299155965400
4.3671816938556100 1.4704074152884300
4.4763239497092200 1.4860306624882800
4.5832710130227400 1.4957299816262700
4.6887194013198900 1.4997475740515300
4.7932681063333000 1.4982500126732900
4.8974443388637500 1.4913456534873300
5.0017333457152300 1.4790976529186500
5.1066060017660600 1.4615316794741300
5.2125448492220500 1.4386390205797300
5.3200714990264400 1.4103755121645500
5.4297796708766600 1.3766559037245400
5.5423803845498800 1.3373420299902700
5.6587706882080800 1.2922209700474900
5.7801485876924100 1.2409647322171100
5.9046938672458800 1.1846932278941000
6.0269027814975800 1.1266918281305400
6.1452578280552200 1.0687103903982900
6.2597758371905900 1.0116860563028300
6.3709429444037400 0.9561776622562790
6.4805529121284400 0.9019740406217320
6.5899253917436400 0.8490607644549250
6.6998854090760300 0.7976833599466940
6.8110980823986300 0.7482093748246530
6.9242158291373800 0.7010834547476260
7.0399639069489300 0.6568221318525760
7.1592182193713900 0.6160302005849820
7.2831101113947300 0.5794367391397620
7.4074061125964500 0.5492038823485540
7.5294067966516000 0.5262915151908960
7.6488281279397300 0.5106822127699870
7.7661876247316100 0.5021322818380000
7.8821893615044700 0.5004121042922430
7.9975346570461300 0.5053599651603590
8.1128877348978800 0.5168824429935790
8.2288921052870600 0.5349453670789170
8.3462030740144100 0.5595676865351130
8.4655284303618600 0.5908213143796410
8.5876803201182500 0.6288384495532980
8.7136487181604500 0.6738293326707060
8.8447181021859000 0.7261174883750240
8.9776244690016800 0.7839303579040780
9.1085275617889400 0.8446008649257220
9.2368482999814800 0.9066607403220800
9.3631347983905800 0.9692392997074300
9.4882227510384600 1.0317087476695900
9.6139502875467100 1.0939953441737800
9.7424203846234700 1.1560991823467700
9.8749499685296700 1.2174567505739800
10.0126800414257000 1.2771644499697100
10.1568682668816000 1.3340271599488600
10.3091113164461000 1.3865171020557300
10.4629362040459000 1.4304647077016300
10.6130451361330000 1.4635557124677000
10.7591159197443000 1.4857520882302400
10.9023678116568000 1.4974732728533900
11.0442957734590000 1.4990357048113700
11.1863487081273000 1.4905506261764200
11.3299283417968000 1.4719333539295900
11.4764880282098000 1.4429168011046800
11.6276786896069000 1.4030405936647500
11.7855598383329000 1.3516023261148400
11.9529510639797000 1.2875462335400200
12.1341184493865000 1.2092233651986100
12.3283847389450000 1.1177073812617800
12.5273848271496000 1.0194105733225800
12.5663706143592000 0.9999428347027580
