0.000000000000000 0.500000000000000 0.500000000000000
0.100000000000000 0.524979186191813 0.524979187478940
0.234350288425444 0.558320895498561 0.558320900502675
0.414850288425444 0.602250330443699 0.602250314797544
0.657352559033371 0.658665947793415 0.658665427054215
0.983155059033371 0.727739851765102 0.727733800242128
1.386785267778240 0.800113770918129 0.800078533497974
1.746814148664320 0.851607825848840 0.851550522284169
2.096184544564560 0.890606418154788 0.890531783263549
2.443219404718790 0.920150181183600 0.920064182863771
2.807513662883210 0.943175906443129 0.943080500373826
3.000000000000000 0.952656548272027 0.952574126822433
